===> settings etc/config/settings_pho.py <===
import etc.config.settings_pho as tnpConf
[?1034h
[1mRooFit v3.60 -- Developed by Wouter Verkerke and David Kirkby[0m 
                Copyright (C) 2000-2013 NIKHEF, University of California & Stanford University
                All rights reserved, please read http://roofit.sourceforge.net/license.txt

===>  Output directory: 
results/Moriond17/tnpPhoID_Winter17MC//passingLoose80X/
**** name: DY_madgraph_Winter17                                                                                 
  path    :  ['eos/cms/store/group/phys_egamma/tnp/80X/PhoEleIDs/Moriond17_v1/mc/TnPTree_DYJetsToLL_M-50_TuneCUETP8M1_13TeV-madgraphMLM-pythia8_DYToLL_madgraph_Moriond17.root']
  tnpTree :  GsfElectronToPhoID
   --- MC sample --- 
  nEvts    :  48652793
  mcTruth  :  True
  puTree   :  eos/cms/store/group/phys_egamma/tnp/80X/pu/Winter17/DY_madgraph_Winter17_pho.pu.puTree.root
  weight   :  weights_2016_runGH.totWeight

RooWorkspace(w) w contents

variables
---------
(acmsF,acmsP,alphaF,alphaP,betaF,betaP,eff,gammaF,gammaP,meanF,meanP,nBkgF,nBkgP,nF,nP,nSigF,nSigP,peakF,peakP,sigmaF,sigmaF_2,sigmaP,sigmaP_2,sosF,sosP,x)

p.d.f.s
-------
RooCMSShape::bkgFail[ x=x alpha=acmsF beta=betaF gamma=gammaF peak=peakF ] = 1.91031
RooCMSShape::bkgPass[ x=x alpha=acmsP beta=betaP gamma=gammaP peak=peakP ] = 1.91031
RooAddPdf::pdfFail[ nSigF * sigFail + nBkgF * bkgFail ] = 17.3771
RooAddPdf::pdfPass[ nSigP * sigPass + nBkgP * bkgPass ] = 19.9371
RooFFTConvPdf::sigFail[ sigPhysFail(x) (*) sigResFail(x) ] = 0.111321
RooFFTConvPdf::sigPass[ sigPhysPass(x) (*) sigResPass(x) ] = 0.127775
RooHistPdf::sigPhysFail[ pdfObs=(x) ] = 35600
RooHistPdf::sigPhysPass[ pdfObs=(x) ] = 35600
RooCBExGaussShape::sigResFail[ m=x  m0=meanF  sigma=sigResFail_3  alpha=alphaF  n=nF  sigma_2=sigResFail_6 ] = 0
RooCBExGaussShape::sigResPass[ m=x  m0=meanP  sigma=sigResPass_3  alpha=alphaP  n=nP  sigma_2=sigResPass_6 ] = 0

functions
--------
RooFormulaVar::sigResFail_3[ actualVars=(sigmaF,sosF) formula="sqrt(sigmaF*sigmaF+sosF*sosF)" ] = 2.23607
RooFormulaVar::sigResFail_6[ actualVars=(sigmaF_2,sosF) formula="sqrt(sigmaF_2*sigmaF_2+sosF*sosF)" ] = 2.23607
RooFormulaVar::sigResPass_3[ actualVars=(sigmaP,sosP) formula="sqrt(sigmaP*sigmaP+sosP*sosP)" ] = 1.41421
RooFormulaVar::sigResPass_6[ actualVars=(sigmaP_2,sosP) formula="sqrt(sigmaP_2*sigmaP_2+sosP*sosP)" ] = 1.80278

datasets
--------
RooDataHist::hPass(x)
RooDataHist::hFail(x)
RooDataHist::hGenZPass(x)
RooDataHist::hGenZFail(x)

embedded precalculated expensive components
-------------------------------------------
uid = 0 key=sigFail_sigPhysFail_CONV_sigResFail_CACHEHIST_Obs[x]_BufFrac0.1_BufStrat0 value=RooDataHist::sigFail_sigPhysFail_CONV_sigResFail_CACHEHIST_Obs[x]_BufFrac0.1_BufStrat0 parameters=( alphaF=2 meanF=-0 nF=3 sigmaF=2 sigmaF_2=2 sosF=1 )
uid = 1 key=sigPass_sigPhysPass_CONV_sigResPass_CACHEHIST_Obs[x]_BufFrac0.1_BufStrat0 value=RooDataHist::sigPass_sigPhysPass_CONV_sigResPass_CACHEHIST_Obs[x]_BufFrac0.1_BufStrat0 parameters=( alphaP=2 meanP=-0 nP=3 sigmaP=1 sigmaP_2=1.5 sosP=1 )
 title :  -  -2.500 < #eta_{SC} < -2.000 -  15.000 < probe_Pho_et < 20.000
 **********
 **   13 **MIGRAD        3000           1
 **********
 FIRST CALL TO USER FUNCTION AT NEW START POINT, WITH IFLAG=4.
 START MIGRAD MINIMIZATION.  STRATEGY  1.  CONVERGENCE WHEN EDM .LT. 1.00e-03
 FCN=-20642.2 FROM MIGRAD    STATUS=INITIATE      118 CALLS         119 TOTAL
                     EDM= unknown      STRATEGY= 1      NO ERROR MATRIX       
  EXT PARAMETER               CURRENT GUESS       STEP         FIRST   
  NO.   NAME      VALUE            ERROR          SIZE      DERIVATIVE 
   1  alphaP       1.66729e+00   2.30000e-01   9.20135e-01  -5.16224e+00
   2  meanP        0.00000e+00   1.00000e+00   0.00000e+00   1.28678e+03
   3  nP           8.87867e-01   4.95000e-01   0.00000e+00  -8.50987e+01
   4  nSigP        4.55265e+03   7.58725e+02   0.00000e+00  -4.22247e+02
   5  sigmaP       3.03999e+00   1.50000e-01   0.00000e+00  -3.49115e+02
   6  sigmaP_2     1.50000e+00   5.00000e-01   0.00000e+00   3.59252e+02
                               ERR DEF= 0.5
 MIGRAD MINIMIZATION HAS CONVERGED.
 MIGRAD WILL VERIFY CONVERGENCE AND ERROR MATRIX.
 COVARIANCE MATRIX CALCULATED SUCCESSFULLY
 FCN=-20829.1 FROM MIGRAD    STATUS=CONVERGED     369 CALLS         370 TOTAL
                     EDM=1.67287e-05    STRATEGY= 1      ERROR MATRIX ACCURATE 
  EXT PARAMETER                                   STEP         FIRST   
  NO.   NAME      VALUE            ERROR          SIZE      DERIVATIVE 
   1  alphaP       2.45499e+00   1.38422e-01   2.64587e-03   1.14109e-01
   2  meanP       -8.99571e-01   2.82290e-01   1.23386e-03  -1.51059e-01
   3  nP           1.54715e-01   1.16589e-01   3.56263e-03   9.25283e-02
   4  nSigP        5.12556e+03   7.59080e+01   2.06353e-03   3.47153e-02
   5  sigmaP       3.48015e+00   2.18679e-01   3.39122e-03   5.39256e-02
   6  sigmaP_2     1.39453e+00   2.55003e-01   3.69222e-03  -3.96843e-02
                               ERR DEF= 0.5
 EXTERNAL ERROR MATRIX.    NDIM=  26    NPAR=  6    ERR DEF=0.5
  1.925e-02  6.498e-03 -1.581e-02  1.691e+00  8.348e-03 -5.218e-03 
  6.498e-03  7.978e-02 -3.775e-03  2.776e-01  5.414e-02 -6.798e-02 
 -1.581e-02 -3.775e-03  1.372e-02 -1.765e+00 -6.076e-03  2.505e-03 
  1.691e+00  2.776e-01 -1.765e+00  5.763e+03  4.066e-01 -2.020e-01 
  8.348e-03  5.414e-02 -6.076e-03  4.066e-01  4.793e-02 -4.198e-02 
 -5.218e-03 -6.798e-02  2.505e-03 -2.020e-01 -4.198e-02  6.537e-02 
 PARAMETER  CORRELATION COEFFICIENTS  
       NO.  GLOBAL      1      2      3      4      5      6
        1  0.97577   1.000  0.166 -0.973  0.161  0.275 -0.147
        2  0.97648   0.166  1.000 -0.114  0.013  0.876 -0.941
        3  0.97577  -0.973 -0.114  1.000 -0.199 -0.237  0.084
        4  0.24783   0.161  0.013 -0.199  1.000  0.024 -0.010
        5  0.91145   0.275  0.876 -0.237  0.024  1.000 -0.750
        6  0.95580  -0.147 -0.941  0.084 -0.010 -0.750  1.000
 **********
 **   18 **HESSE        3000
 **********
 COVARIANCE MATRIX CALCULATED SUCCESSFULLY
 FCN=-20829.1 FROM HESSE     STATUS=OK             40 CALLS         410 TOTAL
                     EDM=1.68505e-05    STRATEGY= 1      ERROR MATRIX ACCURATE 
  EXT PARAMETER                                INTERNAL      INTERNAL  
  NO.   NAME      VALUE            ERROR       STEP SIZE       VALUE   
   1  alphaP       2.45499e+00   1.67816e-01   1.05835e-04   9.14260e-02
   2  meanP       -8.99571e-01   2.85141e-01   2.46773e-04  -1.80899e-01
   3  nP           1.54715e-01   1.41093e-01   7.12526e-04  -1.27887e+00
   4  nSigP        5.12556e+03   7.64636e+01   8.25413e-05   3.58603e-01
   5  sigmaP       3.48015e+00   2.24086e-01   6.78244e-04   4.91327e-02
   6  sigmaP_2     1.39453e+00   2.56750e-01   1.47689e-04  -7.40582e-01
                               ERR DEF= 0.5
 EXTERNAL ERROR MATRIX.    NDIM=  26    NPAR=  6    ERR DEF=0.5
  2.837e-02  9.981e-03 -2.348e-02  2.571e+00  1.276e-02 -7.904e-03 
  9.981e-03  8.140e-02 -6.707e-03  6.099e-01  5.613e-02 -6.920e-02 
 -2.348e-02 -6.707e-03  2.017e-02 -2.505e+00 -9.789e-03  4.767e-03 
  2.571e+00  6.099e-01 -2.505e+00  5.848e+03  8.307e-01 -4.576e-01 
  1.276e-02  5.613e-02 -9.789e-03  8.307e-01  5.033e-02 -4.350e-02 
 -7.904e-03 -6.920e-02  4.767e-03 -4.576e-01 -4.350e-02  6.628e-02 
 PARAMETER  CORRELATION COEFFICIENTS  
       NO.  GLOBAL      1      2      3      4      5      6
        1  0.98362   1.000  0.208 -0.982  0.200  0.338 -0.182
        2  0.97695   0.208  1.000 -0.166  0.028  0.877 -0.942
        3  0.98359  -0.982 -0.166  1.000 -0.231 -0.307  0.130
        4  0.27388   0.200  0.028 -0.231  1.000  0.048 -0.023
        5  0.91587   0.338  0.877 -0.307  0.048  1.000 -0.753
        6  0.95642  -0.182 -0.942  0.130 -0.023 -0.753  1.000
 **********
 **   23 **HESSE        3000
 **********
 COVARIANCE MATRIX CALCULATED SUCCESSFULLY
 FCN=-22300.8 FROM HESSE     STATUS=OK             52 CALLS         462 TOTAL
                     EDM=0.192004    STRATEGY= 1      ERROR MATRIX ACCURATE 
  EXT PARAMETER                                INTERNAL      INTERNAL  
  NO.   NAME      VALUE            ERROR       STEP SIZE       VALUE   
   1  alphaP       2.45499e+00   1.33558e-01   2.15903e-03   9.14260e-02
   2  meanP       -8.99571e-01   2.71562e-01   5.03416e-03  -1.80899e-01
   3  nP           1.54715e-01   1.13463e-01   1.45355e-02  -1.27887e+00
   4  nSigP        5.12556e+03   7.34307e+01   1.68384e-03   3.58603e-01
   5  sigmaP       3.48015e+00   2.08917e-01   1.38362e-02   4.91327e-02
   6  sigmaP_2     1.39453e+00   2.47756e-01   2.95378e-05  -7.40582e-01
                               ERR DEF= 0.5
 EXTERNAL ERROR MATRIX.    NDIM=  26    NPAR=  6    ERR DEF=0.5
  1.792e-02  4.831e-03 -1.484e-02  1.633e+00  6.569e-03 -4.016e-03 
  4.831e-03  7.382e-02 -2.510e-03  1.615e-01  4.965e-02 -6.348e-02 
 -1.484e-02 -2.510e-03  1.298e-02 -1.709e+00 -4.692e-03  1.615e-03 
  1.633e+00  1.615e-01 -1.709e+00  5.393e+03  2.887e-01 -1.196e-01 
  6.569e-03  4.965e-02 -4.692e-03  2.887e-01  4.374e-02 -3.878e-02 
 -4.016e-03 -6.348e-02  1.615e-03 -1.196e-01 -3.878e-02  6.169e-02 
 PARAMETER  CORRELATION COEFFICIENTS  
       NO.  GLOBAL      1      2      3      4      5      6
        1  0.97575   1.000  0.133 -0.973  0.166  0.235 -0.121
        2  0.97618   0.133  1.000 -0.081  0.008  0.874 -0.941
        3  0.97583  -0.973 -0.081  1.000 -0.204 -0.197  0.057
        4  0.25208   0.166  0.008 -0.204  1.000  0.019 -0.007
        5  0.90903   0.235  0.874 -0.197  0.019  1.000 -0.747
        6  0.95539  -0.121 -0.941  0.057 -0.007 -0.747  1.000
 **********
 **   13 **MIGRAD        3000           1
 **********
 FIRST CALL TO USER FUNCTION AT NEW START POINT, WITH IFLAG=4.
 START MIGRAD MINIMIZATION.  STRATEGY  1.  CONVERGENCE WHEN EDM .LT. 1.00e-03
 FCN=-6404.37 FROM MIGRAD    STATUS=INITIATE       71 CALLS          72 TOTAL
                     EDM= unknown      STRATEGY= 1      NO ERROR MATRIX       
  EXT PARAMETER               CURRENT GUESS       STEP         FIRST   
  NO.   NAME      VALUE            ERROR          SIZE      DERIVATIVE 
   1  alphaF       1.22401e+00   2.30000e-01   0.00000e+00  -5.90950e+00
   2  meanF        0.00000e+00   1.00000e+00   0.00000e+00   2.18930e+02
   3  nF           9.52894e-01   4.95000e-01  -8.81377e-01   1.53635e+01
   4  nSigF        1.92510e+03   3.20801e+02   0.00000e+00  -1.87115e+02
   5  sigmaF       3.48015e+00   3.48015e-01   0.00000e+00  -4.24377e+01
   6  sigmaF_2     2.00000e+00   5.50000e-01   0.00000e+00   7.52483e+01
                               ERR DEF= 0.5
 MIGRAD MINIMIZATION HAS CONVERGED.
 MIGRAD WILL VERIFY CONVERGENCE AND ERROR MATRIX.
 COVARIANCE MATRIX CALCULATED SUCCESSFULLY
 FCN=-6438.99 FROM MIGRAD    STATUS=CONVERGED     365 CALLS         366 TOTAL
                     EDM=7.5683e-06    STRATEGY= 1      ERROR MATRIX ACCURATE 
  EXT PARAMETER                                   STEP         FIRST   
  NO.   NAME      VALUE            ERROR          SIZE      DERIVATIVE 
   1  alphaF       1.48426e+00   1.50052e-01   2.91428e-03  -1.27198e-02
   2  meanF       -1.73116e+00   2.55206e-01   1.43296e-03   3.57160e-02
   3  nF           5.16991e-01   1.49343e-01   1.51226e-03   2.35534e-02
   4  nSigF        2.19850e+03   5.08804e+01   1.81471e-03  -3.43689e-02
   5  sigmaF       2.78412e+00   1.15198e+00   4.05834e-02   2.41112e-03
   6  sigmaF_2     2.75668e+00   2.37599e-01   2.39626e-03   2.06610e-02
                               ERR DEF= 0.5
 EXTERNAL ERROR MATRIX.    NDIM=  26    NPAR=  6    ERR DEF=0.5
  2.282e-02  1.303e-02  2.165e-02 -1.545e+00 -5.610e-05 -6.068e-03 
  1.303e-02  6.519e-02  1.406e-02 -7.000e-01  2.168e-04 -5.133e-02 
  2.165e-02  1.406e-02  2.238e-02 -1.883e+00 -3.177e-05 -8.629e-03 
 -1.545e+00 -7.000e-01 -1.883e+00  2.590e+03  1.516e-03  3.898e-01 
 -5.610e-05  2.168e-04 -3.177e-05  1.516e-03  2.148e-05 -1.135e-04 
 -6.068e-03 -5.133e-02 -8.629e-03  3.898e-01 -1.135e-04  5.660e-02 
 PARAMETER  CORRELATION COEFFICIENTS  
       NO.  GLOBAL      1      2      3      4      5      6
        1  0.96466   1.000  0.338  0.958 -0.201 -0.080 -0.169
        2  0.88003   0.338  1.000  0.368 -0.054  0.183 -0.845
        3  0.96456   0.958  0.368  1.000 -0.247 -0.046 -0.242
        4  0.28349  -0.201 -0.054 -0.247  1.000  0.006  0.032
        5  0.29672  -0.080  0.183 -0.046  0.006  1.000 -0.103
        6  0.87070  -0.169 -0.845 -0.242  0.032 -0.103  1.000
 **********
 **   18 **HESSE        3000
 **********
 COVARIANCE MATRIX CALCULATED SUCCESSFULLY
 FCN=-6438.99 FROM HESSE     STATUS=OK             46 CALLS         412 TOTAL
                     EDM=1.13665e-05    STRATEGY= 1      ERROR MATRIX ACCURATE 
  EXT PARAMETER                                INTERNAL      INTERNAL  
  NO.   NAME      VALUE            ERROR       STEP SIZE       VALUE   
   1  alphaF       1.48426e+00   1.88205e-01   1.16571e-04  -2.28927e+00
   2  meanF       -1.73116e+00   3.97790e-01   2.86591e-04  -3.53551e-01
   3  nF           5.16991e-01   1.71908e-01   6.04903e-05  -9.46401e-01
   4  nSigF        2.19850e+03   5.12292e+01   3.62941e-04   3.79358e-01
   5  sigmaF       2.78412e+00   5.31065e-01   5.00000e-01  -1.56928e+00
   6  sigmaF_2     2.75668e+00   2.83466e-01   4.79253e-04  -1.80366e-01
                               ERR DEF= 0.5
 EXTERNAL ERROR MATRIX.    NDIM=  26    NPAR=  6    ERR DEF=0.5
  3.618e-02 -1.883e-02  3.145e-02 -2.220e+00 -3.395e-04  9.828e-03 
 -1.883e-02  1.586e-01 -7.876e-03  7.533e-01  9.525e-04 -9.865e-02 
  3.145e-02 -7.876e-03  2.969e-02 -2.391e+00 -2.369e-04  2.261e-03 
 -2.220e+00  7.533e-01 -2.391e+00  2.625e+03  1.579e-02 -3.302e-01 
 -3.395e-04  9.525e-04 -2.369e-04  1.579e-02  9.615e-06 -4.801e-04 
  9.828e-03 -9.865e-02  2.261e-03 -3.302e-01 -4.801e-04  8.065e-02 
 PARAMETER  CORRELATION COEFFICIENTS  
       NO.  GLOBAL      1      2      3      4      5      6
        1  0.97786   1.000 -0.249  0.960 -0.228 -0.576  0.182
        2  0.95252  -0.249  1.000 -0.115  0.037  0.771 -0.872
        3  0.97340   0.960 -0.115  1.000 -0.271 -0.443  0.046
        4  0.30472  -0.228  0.037 -0.271  1.000  0.099 -0.023
        5  0.90903  -0.576  0.771 -0.443  0.099  1.000 -0.545
        6  0.91118   0.182 -0.872  0.046 -0.023 -0.545  1.000
 **********
 **   23 **HESSE        3000
 **********
 COVARIANCE MATRIX CALCULATED SUCCESSFULLY
 FCN=-7096.2 FROM HESSE     STATUS=OK             60 CALLS         472 TOTAL
                     EDM=0.242737    STRATEGY= 1      ERROR MATRIX ACCURATE 
  EXT PARAMETER                                INTERNAL      INTERNAL  
  NO.   NAME      VALUE            ERROR       STEP SIZE       VALUE   
   1  alphaF       1.48426e+00   1.82947e-01   2.37805e-03  -2.28927e+00
   2  meanF       -1.73116e+00   2.80979e-01   5.84646e-03  -3.53551e-01
   3  nF           5.16991e-01   1.74342e-01   1.23400e-03  -9.46401e-01
   4  nSigF        2.19850e+03   4.89756e+01   7.40400e-03   3.79358e-01
   5  sigmaF       2.78412e+00   2.40985e-01   3.54462e-01  -1.56928e+00
   6  sigmaF_2     2.75668e+00   2.35749e-01   9.77675e-03  -1.80366e-01
                               ERR DEF= 0.5
 EXTERNAL ERROR MATRIX.    NDIM=  26    NPAR=  6    ERR DEF=0.5
  3.414e-02  6.979e-03  3.132e-02 -2.197e+00 -1.570e-04 -2.944e-03 
  6.979e-03  7.904e-02  9.899e-03 -4.686e-01  2.854e-04 -5.621e-02 
  3.132e-02  9.899e-03  3.054e-02 -2.405e+00 -1.192e-04 -6.252e-03 
 -2.197e+00 -4.686e-01 -2.405e+00  2.399e+03  7.790e-03  2.620e-01 
 -1.570e-04  2.854e-04 -1.192e-04  7.790e-03  4.306e-06 -1.443e-04 
 -2.944e-03 -5.621e-02 -6.252e-03  2.620e-01 -1.443e-04  5.572e-02 
 PARAMETER  CORRELATION COEFFICIENTS  
       NO.  GLOBAL      1      2      3      4      5      6
        1  0.97827   1.000  0.134  0.970 -0.243 -0.410 -0.068
        2  0.91174   0.134  1.000  0.201 -0.034  0.489 -0.847
        3  0.97664   0.970  0.201  1.000 -0.281 -0.329 -0.152
        4  0.31361  -0.243 -0.034 -0.281  1.000  0.077  0.023
        5  0.75850  -0.410  0.489 -0.329  0.077  1.000 -0.295
        6  0.88254  -0.068 -0.847 -0.152  0.023 -0.295  1.000

RooWorkspace(w) w contents

variables
---------
(acmsF,acmsP,alphaF,alphaP,betaF,betaP,eff,gammaF,gammaP,meanF,meanP,nBkgF,nBkgP,nF,nP,nSigF,nSigP,peakF,peakP,sigmaF,sigmaF_2,sigmaP,sigmaP_2,sosF,sosP,x)

p.d.f.s
-------
RooCMSShape::bkgFail[ x=x alpha=acmsF beta=betaF gamma=gammaF peak=peakF ] = 1.91031
RooCMSShape::bkgPass[ x=x alpha=acmsP beta=betaP gamma=gammaP peak=peakP ] = 1.91031
RooAddPdf::pdfFail[ nSigF * sigFail + nBkgF * bkgFail ] = 17.3771
RooAddPdf::pdfPass[ nSigP * sigPass + nBkgP * bkgPass ] = 19.9371
RooFFTConvPdf::sigFail[ sigPhysFail(x) (*) sigResFail(x) ] = 0.111321
RooFFTConvPdf::sigPass[ sigPhysPass(x) (*) sigResPass(x) ] = 0.127775
RooHistPdf::sigPhysFail[ pdfObs=(x) ] = 35600
RooHistPdf::sigPhysPass[ pdfObs=(x) ] = 35600
RooCBExGaussShape::sigResFail[ m=x  m0=meanF  sigma=sigResFail_3  alpha=alphaF  n=nF  sigma_2=sigResFail_6 ] = 0
RooCBExGaussShape::sigResPass[ m=x  m0=meanP  sigma=sigResPass_3  alpha=alphaP  n=nP  sigma_2=sigResPass_6 ] = 0

functions
--------
RooFormulaVar::sigResFail_3[ actualVars=(sigmaF,sosF) formula="sqrt(sigmaF*sigmaF+sosF*sosF)" ] = 2.23607
RooFormulaVar::sigResFail_6[ actualVars=(sigmaF_2,sosF) formula="sqrt(sigmaF_2*sigmaF_2+sosF*sosF)" ] = 2.23607
RooFormulaVar::sigResPass_3[ actualVars=(sigmaP,sosP) formula="sqrt(sigmaP*sigmaP+sosP*sosP)" ] = 1.41421
RooFormulaVar::sigResPass_6[ actualVars=(sigmaP_2,sosP) formula="sqrt(sigmaP_2*sigmaP_2+sosP*sosP)" ] = 1.80278

datasets
--------
RooDataHist::hPass(x)
RooDataHist::hFail(x)
RooDataHist::hGenZPass(x)
RooDataHist::hGenZFail(x)

embedded precalculated expensive components
-------------------------------------------
uid = 0 key=sigFail_sigPhysFail_CONV_sigResFail_CACHEHIST_Obs[x]_BufFrac0.1_BufStrat0 value=RooDataHist::sigFail_sigPhysFail_CONV_sigResFail_CACHEHIST_Obs[x]_BufFrac0.1_BufStrat0 parameters=( alphaF=2 meanF=-0 nF=3 sigmaF=2 sigmaF_2=2 sosF=1 )
uid = 1 key=sigPass_sigPhysPass_CONV_sigResPass_CACHEHIST_Obs[x]_BufFrac0.1_BufStrat0 value=RooDataHist::sigPass_sigPhysPass_CONV_sigResPass_CACHEHIST_Obs[x]_BufFrac0.1_BufStrat0 parameters=( alphaP=2 meanP=-0 nP=3 sigmaP=1 sigmaP_2=1.5 sosP=1 )
 title :  -  -2.000 < #eta_{SC} < -1.566 -  15.000 < probe_Pho_et < 20.000
 **********
 **   13 **MIGRAD        3000           1
 **********
 FIRST CALL TO USER FUNCTION AT NEW START POINT, WITH IFLAG=4.
 START MIGRAD MINIMIZATION.  STRATEGY  1.  CONVERGENCE WHEN EDM .LT. 1.00e-03
 FCN=-22260.3 FROM MIGRAD    STATUS=INITIATE      116 CALLS         117 TOTAL
                     EDM= unknown      STRATEGY= 1      NO ERROR MATRIX       
  EXT PARAMETER               CURRENT GUESS       STEP         FIRST   
  NO.   NAME      VALUE            ERROR          SIZE      DERIVATIVE 
   1  alphaP       1.67310e+00   2.30000e-01   9.22038e-01  -2.75452e+01
   2  meanP        0.00000e+00   1.00000e+00   0.00000e+00   1.00078e+03
   3  nP           8.32092e-01   4.95000e-01   0.00000e+00  -1.02202e+02
   4  nSigP        4.95426e+03   8.25660e+02   0.00000e+00  -4.49480e+02
   5  sigmaP       4.51302e+00   1.50000e-01   0.00000e+00  -2.33306e+02
   6  sigmaP_2     1.50000e+00   5.00000e-01   0.00000e+00   2.71668e+02
                               ERR DEF= 0.5
 MIGRAD MINIMIZATION HAS CONVERGED.
 MIGRAD WILL VERIFY CONVERGENCE AND ERROR MATRIX.
 COVARIANCE MATRIX CALCULATED SUCCESSFULLY
 FCN=-22415.1 FROM MIGRAD    STATUS=CONVERGED     382 CALLS         383 TOTAL
                     EDM=5.42113e-06    STRATEGY= 1      ERROR MATRIX ACCURATE 
  EXT PARAMETER                                   STEP         FIRST   
  NO.   NAME      VALUE            ERROR          SIZE      DERIVATIVE 
   1  alphaP       1.67175e+00   1.47674e-01   3.76789e-03   1.61936e-02
   2  meanP       -2.13505e+00   3.42945e-01   1.63566e-03   5.79603e-02
   3  nP           9.70316e-01   2.42734e-01   3.60485e-03   2.96650e-02
   4  nSigP        5.49053e+03   7.77761e+01   2.01092e-03  -2.28741e-02
   5  sigmaP       3.88650e+00   3.56696e-01   4.26608e-03  -2.48793e-03
   6  sigmaP_2     2.40761e+00   2.43143e-01   2.90796e-03   5.06982e-02
                               ERR DEF= 0.5
 EXTERNAL ERROR MATRIX.    NDIM=  26    NPAR=  6    ERR DEF=0.5
  2.199e-02  2.247e-02 -3.345e-02  1.671e+00  3.419e-02 -1.359e-02 
  2.247e-02  1.178e-01 -1.810e-02  6.799e-01  1.087e-01 -7.838e-02 
 -3.345e-02 -1.810e-02  5.923e-02 -3.672e+00 -3.564e-02  9.889e-03 
  1.671e+00  6.799e-01 -3.672e+00  6.050e+03  1.313e+00 -3.902e-01 
  3.419e-02  1.087e-01 -3.564e-02  1.313e+00  1.280e-01 -6.623e-02 
 -1.359e-02 -7.838e-02  9.889e-03 -3.902e-01 -6.623e-02  5.929e-02 
 PARAMETER  CORRELATION COEFFICIENTS  
       NO.  GLOBAL      1      2      3      4      5      6
        1  0.97357   1.000  0.441 -0.927  0.145  0.644 -0.376
        2  0.97803   0.441  1.000 -0.217  0.025  0.885 -0.938
        3  0.96124  -0.927 -0.217  1.000 -0.194 -0.409  0.167
        4  0.22408   0.145  0.025 -0.194  1.000  0.047 -0.021
        5  0.95421   0.644  0.885 -0.409  0.047  1.000 -0.760
        6  0.95322  -0.376 -0.938  0.167 -0.021 -0.760  1.000
 **********
 **   18 **HESSE        3000
 **********
 COVARIANCE MATRIX CALCULATED SUCCESSFULLY
 FCN=-22415.1 FROM HESSE     STATUS=OK             40 CALLS         423 TOTAL
                     EDM=5.86736e-06    STRATEGY= 1      ERROR MATRIX ACCURATE 
  EXT PARAMETER                                INTERNAL      INTERNAL  
  NO.   NAME      VALUE            ERROR       STEP SIZE       VALUE   
   1  alphaP       1.67175e+00   1.69198e-01   7.53578e-04  -6.30786e-01
   2  meanP       -2.13505e+00   3.59216e-01   3.27133e-04  -4.41183e-01
   3  nP           9.70316e-01   2.76154e-01   1.44194e-04  -6.79180e-01
   4  nSigP        5.49053e+03   7.81674e+01   8.04367e-05   3.36147e-01
   5  sigmaP       3.88650e+00   3.82438e-01   1.70643e-04   2.03863e-01
   6  sigmaP_2     2.40761e+00   2.52374e-01   5.81591e-04  -3.11328e-01
                               ERR DEF= 0.5
 EXTERNAL ERROR MATRIX.    NDIM=  26    NPAR=  6    ERR DEF=0.5
  2.895e-02  2.971e-02 -4.445e-02  2.311e+00  4.494e-02 -1.793e-02 
  2.971e-02  1.293e-01 -2.870e-02  1.258e+00  1.231e-01 -8.562e-02 
 -4.445e-02 -2.870e-02  7.679e-02 -4.703e+00 -5.193e-02  1.617e-02 
  2.311e+00  1.258e+00 -4.703e+00  6.111e+03  2.227e+00 -7.299e-01 
  4.494e-02  1.231e-01 -5.193e-02  2.227e+00  1.473e-01 -7.516e-02 
 -1.793e-02 -8.562e-02  1.617e-02 -7.299e-01 -7.516e-02  6.389e-02 
 PARAMETER  CORRELATION COEFFICIENTS  
       NO.  GLOBAL      1      2      3      4      5      6
        1  0.97998   1.000  0.486 -0.943  0.174  0.688 -0.417
        2  0.98000   0.486  1.000 -0.288  0.045  0.892 -0.942
        3  0.97023  -0.943 -0.288  1.000 -0.217 -0.488  0.231
        4  0.24433   0.174  0.045 -0.217  1.000  0.074 -0.037
        5  0.96033   0.688  0.892 -0.488  0.074  1.000 -0.775
        6  0.95667  -0.417 -0.942  0.231 -0.037 -0.775  1.000
 **********
 **   23 **HESSE        3000
 **********
 EIGENVALUES OF SECOND-DERIVATIVE MATRIX:
        -3.5512e+01  7.0040e-02  9.2514e-01  1.1118e+00  2.4194e+00  3.6985e+01
 MINUIT WARNING IN HESSE   
 ============== MATRIX FORCED POS-DEF BY ADDING 35.548774 TO DIAGONAL.
 FCN=-24145.6 FROM HESSE     STATUS=NOT POSDEF     54 CALLS         477 TOTAL
                     EDM=12.1208    STRATEGY= 1      ERR MATRIX NOT POS-DEF
  EXT PARAMETER                APPROXIMATE     INTERNAL      INTERNAL  
  NO.   NAME      VALUE            ERROR       STEP SIZE       VALUE   
   1  alphaP       1.67175e+00   2.59385e-02   1.53730e-02  -6.30786e-01
   2  meanP       -2.13505e+00   6.15354e-02   6.67351e-03  -4.41183e-01
   3  nP           9.70316e-01   1.09614e-02   2.94156e-03  -6.79180e-01
   4  nSigP        5.49053e+03   1.20839e+01   1.64091e-03   3.36147e-01
   5  sigmaP       3.88650e+00   3.55868e-01   3.48112e-03   2.03863e-01
   6  sigmaP_2     2.40761e+00   2.59330e-01   1.18645e-02  -3.11328e-01
                               ERR DEF= 0.5
 EXTERNAL ERROR MATRIX.    NDIM=  26    NPAR=  6    ERR DEF=0.5
  6.730e-04  1.534e-03  5.722e-05  2.365e-03  9.049e-03 -6.591e-03 
  1.534e-03  3.787e-03  1.394e-04  6.047e-03  2.157e-02 -1.571e-02 
  5.722e-05  1.394e-04  1.202e-04 -3.264e-04  8.269e-04 -6.009e-04 
  2.365e-03  6.047e-03 -3.264e-04  1.460e+02  3.582e-02 -2.601e-02 
  9.049e-03  2.157e-02  8.269e-04  3.582e-02  1.274e-01 -9.263e-02 
 -6.591e-03 -1.571e-02 -6.009e-04 -2.601e-02 -9.263e-02  6.747e-02 
ERR MATRIX NOT POS-DEF
 PARAMETER  CORRELATION COEFFICIENTS  
       NO.  GLOBAL      1      2      3      4      5      6
        1  0.97809   1.000  0.961  0.201  0.008  0.977 -0.978
        2  0.98271   0.961  1.000  0.207  0.008  0.982 -0.983
        3  0.21289   0.201  0.207  1.000 -0.002  0.211 -0.211
        4  0.00977   0.008  0.008 -0.002  1.000  0.008 -0.008
        5  0.99888   0.977  0.982  0.211  0.008  1.000 -0.999
        6  0.99898  -0.978 -0.983 -0.211 -0.008 -0.999  1.000
 ERR MATRIX NOT POS-DEF
 **********
 **   13 **MIGRAD        3000           1
 **********
 FIRST CALL TO USER FUNCTION AT NEW START POINT, WITH IFLAG=4.
 START MIGRAD MINIMIZATION.  STRATEGY  1.  CONVERGENCE WHEN EDM .LT. 1.00e-03
 FCN=-5256.55 FROM MIGRAD    STATUS=INITIATE       78 CALLS          79 TOTAL
                     EDM= unknown      STRATEGY= 1      NO ERROR MATRIX       
  EXT PARAMETER               CURRENT GUESS       STEP         FIRST   
  NO.   NAME      VALUE            ERROR          SIZE      DERIVATIVE 
   1  alphaF       1.20004e+00   2.30000e-01   0.00000e+00   5.03800e-01
   2  meanF        0.00000e+00   1.00000e+00   0.00000e+00   2.50394e+02
   3  nF           6.26349e-01   4.95000e-01  -1.06748e+00  -1.78855e+00
   4  nSigF        1.71798e+03   2.86280e+02   0.00000e+00  -1.95210e+02
   5  sigmaF       3.88650e+00   3.88650e-01   0.00000e+00  -6.14589e+01
   6  sigmaF_2     2.00000e+00   5.50000e-01   0.00000e+00   7.77042e+01
                               ERR DEF= 0.5
 MIGRAD FAILS TO FIND IMPROVEMENT
 EIGENVALUES OF SECOND-DERIVATIVE MATRIX:
        -1.1024e+00  6.3776e-01  7.9227e-01  1.2330e+00  2.0215e+00  2.4178e+00
 MINUIT WARNING IN HESSE   
 ============== MATRIX FORCED POS-DEF BY ADDING 1.104771 TO DIAGONAL.
 FCN=-5317.72 FROM HESSE     STATUS=NOT POSDEF     48 CALLS         342 TOTAL
                     EDM=0.302828    STRATEGY= 1      ERR MATRIX NOT POS-DEF
  EXT PARAMETER                APPROXIMATE        STEP         FIRST   
  NO.   NAME      VALUE            ERROR          SIZE      DERIVATIVE 
   1  alphaF       1.30641e+00   1.31023e-01   4.78513e-03  -5.68833e-01
   2  meanF       -2.82793e+00   2.08901e-01   2.00511e-03  -8.51338e-01
   3  nF           5.09205e-01   6.45365e-02   1.78920e-03   3.20581e+00
   4  nSigF        1.97981e+03   3.32902e+01   1.77646e-03   8.55076e-01
   5  sigmaF       3.90848e+00   8.04757e-01   6.37076e-03  -1.04812e+00
   6  sigmaF_2     3.56321e+00   3.72165e-01   2.80951e-03  -7.66011e-01
                               ERR DEF= 0.5
 MINUIT WARNING IN MIGRAD  
 ============== Negative diagonal element 3 in Error Matrix
 MINUIT WARNING IN MIGRAD  
 ============== 1.00122 added to diagonal of error matrix
 MIGRAD MINIMIZATION HAS CONVERGED.
 MIGRAD WILL VERIFY CONVERGENCE AND ERROR MATRIX.
 COVARIANCE MATRIX CALCULATED SUCCESSFULLY
 FCN=-5319.12 FROM MIGRAD    STATUS=CONVERGED    1182 CALLS        1183 TOTAL
                     EDM=9.45708e-06    STRATEGY= 1      ERROR MATRIX ACCURATE 
  EXT PARAMETER                                   STEP         FIRST   
  NO.   NAME      VALUE            ERROR          SIZE      DERIVATIVE 
   1  alphaF       1.69990e+00   1.93888e-01   2.18248e-03   5.94864e-02
   2  meanF       -2.23845e+00   6.11927e-01   1.82908e-03   2.97401e-04
   3  nF           1.72649e-01   1.54585e-01   2.10929e-03   6.49092e-02
   4  nSigF        2.00444e+03   5.14853e+01   1.81393e-03   4.63291e-02
   5  sigmaF       5.07188e+00   6.62006e-01   4.30335e-03  -4.00371e-04
   6  sigmaF_2     3.25089e+00   4.39895e-01   2.84459e-03  -4.75779e-04
                               ERR DEF= 0.5
 EXTERNAL ERROR MATRIX.    NDIM=  26    NPAR=  6    ERR DEF=0.5
  3.813e-02  2.241e-02 -2.958e-02  2.987e+00  4.647e-02 -1.506e-02 
  2.241e-02  3.768e-01 -1.317e-02  1.096e+00  3.408e-01 -2.481e-01 
 -2.958e-02 -1.317e-02  2.423e-02 -2.782e+00 -3.362e-02  7.225e-03 
  2.987e+00  1.096e+00 -2.782e+00  2.652e+03  2.554e+00 -6.999e-01 
  4.647e-02  3.408e-01 -3.362e-02  2.554e+00  4.433e-01 -1.981e-01 
 -1.506e-02 -2.481e-01  7.225e-03 -6.999e-01 -1.981e-01  1.952e-01 
 PARAMETER  CORRELATION COEFFICIENTS  
       NO.  GLOBAL      1      2      3      4      5      6
        1  0.97782   1.000  0.187 -0.973  0.297  0.357 -0.175
        2  0.96442   0.187  1.000 -0.138  0.035  0.834 -0.915
        3  0.97806  -0.973 -0.138  1.000 -0.347 -0.324  0.105
        4  0.39784   0.297  0.035 -0.347  1.000  0.074 -0.031
        5  0.88729   0.357  0.834 -0.324  0.074  1.000 -0.673
        6  0.93616  -0.175 -0.915  0.105 -0.031 -0.673  1.000
 **********
 **   18 **HESSE        3000
 **********
 COVARIANCE MATRIX CALCULATED SUCCESSFULLY
 FCN=-5319.12 FROM HESSE     STATUS=OK             40 CALLS        1223 TOTAL
                     EDM=9.47369e-06    STRATEGY= 1      ERROR MATRIX ACCURATE 
  EXT PARAMETER                                INTERNAL      INTERNAL  
  NO.   NAME      VALUE            ERROR       STEP SIZE       VALUE   
   1  alphaF       1.69990e+00   1.98024e-01   4.36495e-04  -6.00805e-01
   2  meanF       -2.23845e+00   6.21958e-01   7.31631e-05  -4.64181e-01
   3  nF           1.72649e-01   1.57799e-01   4.21858e-04  -1.25466e+00
   4  nSigF        2.00444e+03   5.15969e+01   3.62786e-04   4.11501e-01
   5  sigmaF       5.07188e+00   6.71807e-01   1.72134e-04   1.19949e+01
   6  sigmaF_2     3.25089e+00   4.46901e-01   1.13784e-04   3.23057e-04
                               ERR DEF= 0.5
 EXTERNAL ERROR MATRIX.    NDIM=  26    NPAR=  6    ERR DEF=0.5
  3.980e-02  2.499e-02 -3.089e-02  3.126e+00  5.039e-02 -1.665e-02 
  2.499e-02  3.894e-01 -1.503e-02  1.287e+00  3.530e-01 -2.570e-01 
 -3.089e-02 -1.503e-02  2.526e-02 -2.892e+00 -3.659e-02  8.351e-03 
  3.126e+00  1.287e+00 -2.892e+00  2.664e+03  2.867e+00 -8.143e-01 
  5.039e-02  3.530e-01 -3.659e-02  2.867e+00  4.567e-01 -2.065e-01 
 -1.665e-02 -2.570e-01  8.351e-03 -8.143e-01 -2.065e-01  2.015e-01 
 PARAMETER  CORRELATION COEFFICIENTS  
       NO.  GLOBAL      1      2      3      4      5      6
        1  0.97876   1.000  0.201 -0.974  0.304  0.374 -0.186
        2  0.96558   0.201  1.000 -0.152  0.040  0.837 -0.917
        3  0.97897  -0.974 -0.152  1.000 -0.353 -0.341  0.117
        4  0.40238   0.304  0.040 -0.353  1.000  0.082 -0.035
        5  0.89079   0.374  0.837 -0.341  0.082  1.000 -0.681
        6  0.93823  -0.186 -0.917  0.117 -0.035 -0.681  1.000
 **********
 **   23 **HESSE        3000
 **********
 COVARIANCE MATRIX CALCULATED SUCCESSFULLY
 FCN=-5758.11 FROM HESSE     STATUS=OK             54 CALLS        1277 TOTAL
                     EDM=0.399878    STRATEGY= 1      ERROR MATRIX ACCURATE 
  EXT PARAMETER                                INTERNAL      INTERNAL  
  NO.   NAME      VALUE            ERROR       STEP SIZE       VALUE   
   1  alphaF       1.69990e+00   1.67052e-01   8.90450e-03  -6.00805e-01
   2  meanF       -2.23845e+00   5.91161e-01   1.49253e-03  -4.64181e-01
   3  nF           1.72649e-01   1.33137e-01   8.60589e-03  -1.25466e+00
   4  nSigF        2.00444e+03   4.89488e+01   7.40083e-03   4.11501e-01
   5  sigmaF       5.07188e+00   6.31275e-01   3.51153e-03   1.19949e+01
   6  sigmaF_2     3.25089e+00   4.22415e-01   2.32118e-03   3.23057e-04
                               ERR DEF= 0.5
 EXTERNAL ERROR MATRIX.    NDIM=  26    NPAR=  6    ERR DEF=0.5
  2.820e-02  1.509e-02 -2.171e-02  2.150e+00  3.151e-02 -1.069e-02 
  1.509e-02  3.515e-01 -7.404e-03  3.842e-01  3.176e-01 -2.299e-01 
 -2.171e-02 -7.404e-03  1.791e-02 -2.089e+00 -2.144e-02  3.964e-03 
  2.150e+00  3.842e-01 -2.089e+00  2.397e+03  1.183e+00 -2.855e-01 
  3.151e-02  3.176e-01 -2.144e-02  1.183e+00  4.027e-01 -1.845e-01 
 -1.069e-02 -2.299e-01  3.964e-03 -2.855e-01 -1.845e-01  1.799e-01 
 PARAMETER  CORRELATION COEFFICIENTS  
       NO.  GLOBAL      1      2      3      4      5      6
        1  0.97220   1.000  0.152 -0.966  0.262  0.296 -0.150
        2  0.96473   0.152  1.000 -0.093  0.013  0.844 -0.914
        3  0.97244  -0.966 -0.093  1.000 -0.319 -0.252  0.070
        4  0.37507   0.262  0.013 -0.319  1.000  0.038 -0.014
        5  0.88827   0.296  0.844 -0.252  0.038  1.000 -0.686
        6  0.93535  -0.150 -0.914  0.070 -0.014 -0.686  1.000

RooWorkspace(w) w contents

variables
---------
(acmsF,acmsP,alphaF,alphaP,betaF,betaP,eff,gammaF,gammaP,meanF,meanP,nBkgF,nBkgP,nF,nP,nSigF,nSigP,peakF,peakP,sigmaF,sigmaF_2,sigmaP,sigmaP_2,sosF,sosP,x)

p.d.f.s
-------
RooCMSShape::bkgFail[ x=x alpha=acmsF beta=betaF gamma=gammaF peak=peakF ] = 1.91031
RooCMSShape::bkgPass[ x=x alpha=acmsP beta=betaP gamma=gammaP peak=peakP ] = 1.91031
RooAddPdf::pdfFail[ nSigF * sigFail + nBkgF * bkgFail ] = 17.3771
RooAddPdf::pdfPass[ nSigP * sigPass + nBkgP * bkgPass ] = 19.9371
RooFFTConvPdf::sigFail[ sigPhysFail(x) (*) sigResFail(x) ] = 0.111321
RooFFTConvPdf::sigPass[ sigPhysPass(x) (*) sigResPass(x) ] = 0.127775
RooHistPdf::sigPhysFail[ pdfObs=(x) ] = 35600
RooHistPdf::sigPhysPass[ pdfObs=(x) ] = 35600
RooCBExGaussShape::sigResFail[ m=x  m0=meanF  sigma=sigResFail_3  alpha=alphaF  n=nF  sigma_2=sigResFail_6 ] = 0
RooCBExGaussShape::sigResPass[ m=x  m0=meanP  sigma=sigResPass_3  alpha=alphaP  n=nP  sigma_2=sigResPass_6 ] = 0

functions
--------
RooFormulaVar::sigResFail_3[ actualVars=(sigmaF,sosF) formula="sqrt(sigmaF*sigmaF+sosF*sosF)" ] = 2.23607
RooFormulaVar::sigResFail_6[ actualVars=(sigmaF_2,sosF) formula="sqrt(sigmaF_2*sigmaF_2+sosF*sosF)" ] = 2.23607
RooFormulaVar::sigResPass_3[ actualVars=(sigmaP,sosP) formula="sqrt(sigmaP*sigmaP+sosP*sosP)" ] = 1.41421
RooFormulaVar::sigResPass_6[ actualVars=(sigmaP_2,sosP) formula="sqrt(sigmaP_2*sigmaP_2+sosP*sosP)" ] = 1.80278

datasets
--------
RooDataHist::hPass(x)
RooDataHist::hFail(x)
RooDataHist::hGenZPass(x)
RooDataHist::hGenZFail(x)

embedded precalculated expensive components
-------------------------------------------
uid = 0 key=sigFail_sigPhysFail_CONV_sigResFail_CACHEHIST_Obs[x]_BufFrac0.1_BufStrat0 value=RooDataHist::sigFail_sigPhysFail_CONV_sigResFail_CACHEHIST_Obs[x]_BufFrac0.1_BufStrat0 parameters=( alphaF=2 meanF=-0 nF=3 sigmaF=2 sigmaF_2=2 sosF=1 )
uid = 1 key=sigPass_sigPhysPass_CONV_sigResPass_CACHEHIST_Obs[x]_BufFrac0.1_BufStrat0 value=RooDataHist::sigPass_sigPhysPass_CONV_sigResPass_CACHEHIST_Obs[x]_BufFrac0.1_BufStrat0 parameters=( alphaP=2 meanP=-0 nP=3 sigmaP=1 sigmaP_2=1.5 sosP=1 )
 title :  -  -1.566 < #eta_{SC} < -1.444 -  15.000 < probe_Pho_et < 20.000
 **********
 **   13 **MIGRAD        3000           1
 **********
 FIRST CALL TO USER FUNCTION AT NEW START POINT, WITH IFLAG=4.
 START MIGRAD MINIMIZATION.  STRATEGY  1.  CONVERGENCE WHEN EDM .LT. 1.00e-03
 FCN=-3216.98 FROM MIGRAD    STATUS=INITIATE      119 CALLS         120 TOTAL
                     EDM= unknown      STRATEGY= 1      NO ERROR MATRIX       
  EXT PARAMETER               CURRENT GUESS       STEP         FIRST   
  NO.   NAME      VALUE            ERROR          SIZE      DERIVATIVE 
   1  alphaP       1.39796e+00   2.30000e-01   5.73852e-01  -2.34595e+00
   2  meanP        0.00000e+00   1.00000e+00   0.00000e+00   1.59600e+02
   3  nP           1.64720e-01   4.95000e-01   0.00000e+00  -6.58607e+01
   4  nSigP        1.23875e+03   2.06408e+02   0.00000e+00  -1.73342e+02
   5  sigmaP       5.99998e+00   1.50000e-01   0.00000e+00  -1.78170e-01
   6  sigmaP_2     1.50000e+00   5.00000e-01   0.00000e+00   4.15913e+01
                               ERR DEF= 0.5
 MIGRAD MINIMIZATION HAS CONVERGED.
 MIGRAD WILL VERIFY CONVERGENCE AND ERROR MATRIX.
 COVARIANCE MATRIX CALCULATED SUCCESSFULLY
 FCN=-3285.63 FROM MIGRAD    STATUS=CONVERGED     391 CALLS         392 TOTAL
                     EDM=0.000123368    STRATEGY= 1      ERROR MATRIX ACCURATE 
  EXT PARAMETER                                   STEP         FIRST   
  NO.   NAME      VALUE            ERROR          SIZE      DERIVATIVE 
   1  alphaP       1.20000e+00   6.31492e-02   1.31774e-02** at limit **
   2  meanP       -4.52594e+00   5.75507e-01   4.42211e-03  -4.53633e-04
   3  nP           5.64200e-01   1.07688e-01   2.58242e-03  -9.88796e-02
   4  nSigP        1.41657e+03   4.19199e+01   1.63922e-03   6.65941e-02
   5  sigmaP       6.00000e+00   2.85432e-01   1.85920e-02** at limit **
   6  sigmaP_2     4.18975e+00   4.87305e-01   3.06715e-03   3.86663e-02
                               ERR DEF= 0.5
 EXTERNAL ERROR MATRIX.    NDIM=  26    NPAR=  6    ERR DEF=0.5
  9.193e-12 -1.216e-08 -1.110e-08  3.806e-07 -6.113e-14  7.446e-09 
 -1.216e-08  3.396e-01 -7.662e-03  1.929e+00 -1.487e-06 -2.591e-01 
 -1.110e-08 -7.662e-03  1.162e-02 -1.439e+00 -2.068e-07  5.055e-04 
  3.806e-07  1.929e+00 -1.439e+00  1.758e+03  1.343e-05 -1.178e+00 
 -6.113e-14 -1.487e-06 -2.068e-07  1.343e-05  3.760e-08  8.037e-07 
  7.446e-09 -2.591e-01  5.055e-04 -1.178e+00  8.037e-07  2.403e-01 
 PARAMETER  CORRELATION COEFFICIENTS  
       NO.  GLOBAL      1      2      3      4      5      6
        1  0.03853   1.000 -0.007 -0.034  0.003 -0.000  0.005
        2  0.91398  -0.007  1.000 -0.122  0.079 -0.013 -0.907
        3  0.40599  -0.034 -0.122  1.000 -0.319 -0.010  0.010
        4  0.32396   0.003  0.079 -0.319  1.000  0.002 -0.057
        5  0.02097  -0.000 -0.013 -0.010  0.002  1.000  0.008
        6  0.91274   0.005 -0.907  0.010 -0.057  0.008  1.000
 **********
 **   18 **HESSE        3000
 **********
 COVARIANCE MATRIX CALCULATED SUCCESSFULLY
 FCN=-3285.63 FROM HESSE     STATUS=OK             40 CALLS         432 TOTAL
                     EDM=0.000122852    STRATEGY= 1      ERROR MATRIX ACCURATE 
  EXT PARAMETER                                INTERNAL      INTERNAL  
  NO.   NAME      VALUE            ERROR       STEP SIZE       VALUE   
   1  alphaP       1.20000e+00   6.31531e-02   2.63548e-03  -1.57079e+00
                                 WARNING -   - ABOVE PARAMETER IS AT LIMIT.
   2  meanP       -4.52594e+00   5.69231e-01   1.76884e-04  -1.13182e+00
   3  nP           5.64200e-01   1.07599e-01   5.16485e-04  -9.14475e-01
   4  nSigP        1.41657e+03   4.19225e+01   3.27845e-04   3.81284e-01
   5  sigmaP       6.00000e+00   2.85440e-01   3.71840e-03   1.57095e+00
                                 WARNING -   - ABOVE PARAMETER IS AT LIMIT.
   6  sigmaP_2     4.18975e+00   4.82229e-01   6.13431e-04   3.48754e-01
                               ERR DEF= 0.5
 EXTERNAL ERROR MATRIX.    NDIM=  26    NPAR=  6    ERR DEF=0.5
  9.193e-12 -2.385e-09 -2.239e-09  7.815e-08 -2.717e-15  1.452e-09 
 -2.385e-09  3.321e-01 -7.274e-03  1.862e+00 -3.073e-07 -2.529e-01 
 -2.239e-09 -7.274e-03  1.160e-02 -1.440e+00 -4.433e-08  1.753e-04 
  7.815e-08  1.862e+00 -1.440e+00  1.759e+03  2.929e-06 -1.121e+00 
 -2.717e-15 -3.073e-07 -4.433e-08  2.929e-06  3.760e-08  1.634e-07 
  1.452e-09 -2.529e-01  1.753e-04 -1.121e+00  1.634e-07  2.353e-01 
 PARAMETER  CORRELATION COEFFICIENTS  
       NO.  GLOBAL      1      2      3      4      5      6
        1  0.00776   1.000 -0.001 -0.007  0.001 -0.000  0.001
        2  0.91193  -0.001  1.000 -0.117  0.077 -0.003 -0.905
        3  0.40428  -0.007 -0.117  1.000 -0.319 -0.002  0.003
        4  0.32413   0.001  0.077 -0.319  1.000  0.000 -0.055
        5  0.00443  -0.000 -0.003 -0.002  0.000  1.000  0.002
        6  0.91078   0.001 -0.905  0.003 -0.055  0.002  1.000
 **********
 **   23 **HESSE        3000
 **********
 COVARIANCE MATRIX CALCULATED SUCCESSFULLY
 FCN=-3552.29 FROM HESSE     STATUS=OK             62 CALLS         494 TOTAL
