===> settings etc/config/settings_pho.py <===
import etc.config.settings_pho as tnpConf
[?1034h
[1mRooFit v3.60 -- Developed by Wouter Verkerke and David Kirkby[0m 
                Copyright (C) 2000-2013 NIKHEF, University of California & Stanford University
                All rights reserved, please read http://roofit.sourceforge.net/license.txt

===>  Output directory: 
results/Moriond17/tnpPhoID_Winter17MC//passingMedium80X/
**** name: data_Run2016H                                                                                        
  path    :  ['eos/cms/store/group/phys_egamma/tnp/80X/PhoEleIDs/Moriond17_v1/data/TnPTree_SingleElectron_2016prompt_RunH.root', 'eos/cms/store/group/phys_egamma/tnp/80X/PhoEleIDs/Moriond17_v1/data/TnPTree_SingleElectron_2016rereco_RunG.root', 'eos/cms/store/group/phys_egamma/tnp/80X/PhoEleIDs/Moriond17_v1/data/TnPTree_SingleElectron_2016rereco_RunF.root', 'eos/cms/store/group/phys_egamma/tnp/80X/PhoEleIDs/Moriond17_v1/data/TnPTree_SingleElectron_2016rereco_RunE.root', 'eos/cms/store/group/phys_egamma/tnp/80X/PhoEleIDs/Moriond17_v1/data/TnPTree_SingleElectron_2016rereco_RunD.root', 'eos/cms/store/group/phys_egamma/tnp/80X/PhoEleIDs/Moriond17_v1/data/TnPTree_SingleElectron_2016rereco_RunC.root', 'eos/cms/store/group/phys_egamma/tnp/80X/PhoEleIDs/Moriond17_v1/data/TnPTree_SingleElectron_2016rereco_RunB.root']
  tnpTree :  GsfElectronToPhoID
   --- Data sample --- 
  lumi     :  36.212
alphaF[1.653]
meanF[-1.740]
nF[0.511]
nSigF[3220.809]
sigmaF[2.875]
sigmaF_2[2.498]
alphaP[2.610]
meanP[-0.723]
nP[0.050]
nSigP[4105.485]
sigmaP[3.594]
sigmaP_2[1.249]

RooWorkspace(w) w contents

variables
---------
(acmsF,acmsP,alphaF,alphaP,betaF,betaP,eff,gammaF,gammaP,meanF,meanP,nBkgF,nBkgP,nF,nP,nSigF,nSigP,peakF,peakP,sigmaF,sigmaF_2,sigmaP,sigmaP_2,sosF,sosP,x)

p.d.f.s
-------
RooCMSShape::bkgFail[ x=x alpha=acmsF beta=betaF gamma=gammaF peak=peakF ] = 1.91031
RooCMSShape::bkgPass[ x=x alpha=acmsP beta=betaP gamma=gammaP peak=peakP ] = 1.91031
RooAddPdf::pdfFail[ nSigF * sigFail + nBkgF * bkgFail ] = 11.796
RooAddPdf::pdfPass[ nSigP * sigPass + nBkgP * bkgPass ] = 14.3803
RooFFTConvPdf::sigFail[ sigPhysFail(x) (*) sigResFail(x) ] = 0.0763781
RooFFTConvPdf::sigPass[ sigPhysPass(x) (*) sigResPass(x) ] = 0.0931208
RooHistPdf::sigPhysFail[ pdfObs=(x) ] = 35600
RooHistPdf::sigPhysPass[ pdfObs=(x) ] = 35600
RooCBExGaussShape::sigResFail[ m=x  m0=meanF  sigma=sigResFail_3  alpha=alphaF  n=nF  sigma_2=sigResFail_6 ] = 1.14594e-243
RooCBExGaussShape::sigResPass[ m=x  m0=meanP  sigma=sigResPass_3  alpha=alphaP  n=nP  sigma_2=sigResPass_6 ] = 0

functions
--------
RooFormulaVar::sigResFail_3[ actualVars=(sigmaF,sosF) formula="sqrt(sigmaF*sigmaF+sosF*sosF)" ] = 3.04395
RooFormulaVar::sigResFail_6[ actualVars=(sigmaF_2,sosF) formula="sqrt(sigmaF_2*sigmaF_2+sosF*sosF)" ] = 2.69073
RooFormulaVar::sigResPass_3[ actualVars=(sigmaP,sosP) formula="sqrt(sigmaP*sigmaP+sosP*sosP)" ] = 3.73053
RooFormulaVar::sigResPass_6[ actualVars=(sigmaP_2,sosP) formula="sqrt(sigmaP_2*sigmaP_2+sosP*sosP)" ] = 1.6

datasets
--------
RooDataHist::hPass(x)
RooDataHist::hFail(x)
RooDataHist::hGenZPass(x)
RooDataHist::hGenZFail(x)

embedded precalculated expensive components
-------------------------------------------
uid = 0 key=sigFail_sigPhysFail_CONV_sigResFail_CACHEHIST_Obs[x]_BufFrac0.1_BufStrat0 value=RooDataHist::sigFail_sigPhysFail_CONV_sigResFail_CACHEHIST_Obs[x]_BufFrac0.1_BufStrat0 parameters=( alphaF=1.653 meanF=-0 nF=0.511 sigmaF=2.875 sigmaF_2=2.498 sosF=1 )
uid = 1 key=sigPass_sigPhysPass_CONV_sigResPass_CACHEHIST_Obs[x]_BufFrac0.1_BufStrat0 value=RooDataHist::sigPass_sigPhysPass_CONV_sigResPass_CACHEHIST_Obs[x]_BufFrac0.1_BufStrat0 parameters=( alphaP=2.61 meanP=-0 nP=0.05 sigmaP=3.594 sigmaP_2=1.249 sosP=1 )
 title :  -  -2.500 < #eta_{SC} < -2.000 -  15.000 < probe_Pho_et < 20.000
 **********
 **   13 **MIGRAD        3500           1
 **********
 FIRST CALL TO USER FUNCTION AT NEW START POINT, WITH IFLAG=4.
 START MIGRAD MINIMIZATION.  STRATEGY  1.  CONVERGENCE WHEN EDM .LT. 1.00e-03
 FCN=-82083.1 FROM MIGRAD    STATUS=INITIATE       47 CALLS          48 TOTAL
                     EDM= unknown      STRATEGY= 1      NO ERROR MATRIX       
  EXT PARAMETER               CURRENT GUESS       STEP         FIRST   
  NO.   NAME      VALUE            ERROR          SIZE      DERIVATIVE 
   1  acmsP        7.49783e+01   2.50000e+00   1.83112e+00   3.54789e+00
   2  betaP        4.00000e-02   5.00000e-03   0.00000e+00  -9.40724e+01
   3  gammaP       1.00000e-01   4.75000e-02   0.00000e+00   6.62766e+02
   4  meanP        0.00000e+00   1.00000e+00   0.00000e+00   3.89430e+03
   5  nBkgP        1.56600e+03   7.82750e+02   0.00000e+00  -5.16105e+02
   6  nSigP        1.40940e+04   2.34895e+03   0.00000e+00  -9.59541e+02
   7  sosP         1.00000e+00   2.50000e-01   0.00000e+00   1.87253e+02
                               ERR DEF= 0.5
 MIGRAD MINIMIZATION HAS CONVERGED.
 FCN=-82718.1 FROM MIGRAD    STATUS=CONVERGED     333 CALLS         334 TOTAL
                     EDM=6.27569e-06    STRATEGY= 1  ERROR MATRIX UNCERTAINTY   2.8 per cent
  EXT PARAMETER                                   STEP         FIRST   
  NO.   NAME      VALUE            ERROR          SIZE      DERIVATIVE 
   1  acmsP        7.49967e+01   1.12995e-01  -1.45378e-03   2.03978e-02
   2  betaP        4.84219e-02   7.34724e-03   1.08898e-04   6.20979e-03
   3  gammaP       6.38514e-02   4.29758e-03  -1.33560e-04   9.82784e-02
   4  meanP       -1.53084e+00   5.53162e-02  -1.97841e-04  -8.03025e-02
   5  nBkgP        2.01143e+03   9.57923e+01  -1.22515e-04  -6.10188e-02
   6  nSigP        1.47042e+04   1.30270e+02  -2.33123e-05   5.87385e-02
   7  sosP         1.77060e+00   7.67240e-02   2.92392e-04  -1.60504e-03
                               ERR DEF= 0.5
 EXTERNAL ERROR MATRIX.    NDIM=  26    NPAR=  7    ERR DEF=0.5
  1.492e-03 -1.188e-06 -2.743e-06  7.408e-05 -1.510e-01  1.910e-01 -2.927e-05 
 -1.188e-06  5.632e-05 -2.422e-05 -1.376e-04  1.472e-01  3.268e-01  1.816e-04 
 -2.743e-06 -2.422e-05  1.847e-05  6.258e-05 -4.069e-03 -1.881e-01 -4.588e-05 
  7.408e-05 -1.376e-04  6.258e-05  3.060e-03 -8.417e-02 -7.084e-01 -2.764e-03 
 -1.510e-01  1.472e-01 -4.069e-03 -8.417e-02  9.177e+03 -2.280e+03  1.861e-01 
  1.910e-01  3.268e-01 -1.881e-01 -7.084e-01 -2.280e+03  1.697e+04  6.388e-01 
 -2.927e-05  1.816e-04 -4.588e-05 -2.764e-03  1.861e-01  6.388e-01  5.889e-03 
 PARAMETER  CORRELATION COEFFICIENTS  
       NO.  GLOBAL      1      2      3      4      5      6      7
        1  0.06986   1.000 -0.004 -0.017  0.035 -0.041  0.038 -0.010
        2  0.81351  -0.004  1.000 -0.751 -0.331  0.205  0.334  0.315
        3  0.78006  -0.017 -0.751  1.000  0.263 -0.010 -0.336 -0.139
        4  0.67476   0.035 -0.331  0.263  1.000 -0.016 -0.098 -0.651
        5  0.39243  -0.041  0.205 -0.010 -0.016  1.000 -0.183  0.025
        6  0.43071   0.038  0.334 -0.336 -0.098 -0.183  1.000  0.064
        7  0.68120  -0.010  0.315 -0.139 -0.651  0.025  0.064  1.000
 **********
 **   18 **HESSE        3500
 **********
 EIGENVALUES OF SECOND-DERIVATIVE MATRIX:
        -1.8503e-01  2.0177e-01  3.8234e-01  4.9397e-01  1.3539e+00  1.6065e+00  3.1466e+00
 MINUIT WARNING IN HESSE   
 ============== MATRIX FORCED POS-DEF BY ADDING 0.188181 TO DIAGONAL.
 FCN=-82718.1 FROM HESSE     STATUS=NOT POSDEF     64 CALLS         398 TOTAL
                     EDM=0.00030331    STRATEGY= 1      ERR MATRIX NOT POS-DEF
  EXT PARAMETER                APPROXIMATE     INTERNAL      INTERNAL  
  NO.   NAME      VALUE            ERROR       STEP SIZE       VALUE   
   1  acmsP        7.49967e+01   1.28853e+01   1.50175e-01   1.59376e+00
   2  betaP        4.84219e-02   1.73474e-02   4.14142e-02   2.57486e+00
   3  gammaP       6.38514e-02   2.98483e-02   2.45283e-03  -1.07947e+00
   4  meanP       -1.53084e+00   4.55753e-02   1.70847e-03  -3.11166e-01
   5  nBkgP        2.01143e+03   1.51755e+02   2.90119e-03  -9.76924e-01
   6  nSigP        1.47042e+04   1.82134e+02   2.27848e-03   2.54681e-01
   7  sosP         1.77060e+00   8.79312e-02   5.48525e-03  -4.50358e-01
                               ERR DEF= 0.5
 EXTERNAL ERROR MATRIX.    NDIM=  26    NPAR=  7    ERR DEF=0.5
  3.046e+01 -1.083e-01 -1.641e-01 -2.152e-02 -6.315e+02  6.455e+02  3.380e-01 
 -1.083e-01  4.149e-04  5.734e-04  2.298e-05  2.311e+00 -2.090e+00 -1.127e-03 
 -1.641e-01  5.734e-04  8.958e-04  1.365e-04  3.370e+00 -3.512e+00 -1.818e-03 
 -2.152e-02  2.298e-05  1.365e-04  2.077e-03  6.930e-01 -1.013e+00 -1.791e-03 
 -6.315e+02  2.311e+00  3.370e+00  6.930e-01  2.303e+04 -1.889e+04 -7.467e+00 
  6.455e+02 -2.090e+00 -3.512e+00 -1.013e+00 -1.889e+04  3.318e+04  8.058e+00 
  3.380e-01 -1.127e-03 -1.818e-03 -1.791e-03 -7.467e+00  8.058e+00  7.737e-03 
ERR MATRIX NOT POS-DEF
 PARAMETER  CORRELATION COEFFICIENTS  
       NO.  GLOBAL      1      2      3      4      5      6      7
        1  0.99777   1.000 -0.963 -0.994 -0.086 -0.754  0.642  0.696
        2  0.98017  -0.963  1.000  0.940  0.025  0.747 -0.563 -0.629
        3  0.99604  -0.994  0.940  1.000  0.100  0.742 -0.644 -0.691
        4  0.56612  -0.086  0.025  0.100  1.000  0.100 -0.122 -0.447
        5  0.81434  -0.754  0.747  0.742  0.100  1.000 -0.683 -0.559
        6  0.75412   0.642 -0.563 -0.644 -0.122 -0.683  1.000  0.503
        7  0.81223   0.696 -0.629 -0.691 -0.447 -0.559  0.503  1.000
 ERR MATRIX NOT POS-DEF
 **********
 **   23 **HESSE        3500
 **********
 EIGENVALUES OF SECOND-DERIVATIVE MATRIX:
        -2.8247e-02  2.5190e-01  3.9727e-01  4.9952e-01  1.3412e+00  1.6076e+00  2.9307e+00
 MINUIT WARNING IN HESSE   
 ============== MATRIX FORCED POS-DEF BY ADDING 0.031177 TO DIAGONAL.
 FCN=-82718.1 FROM HESSE     STATUS=NOT POSDEF     54 CALLS         452 TOTAL
                     EDM=5.16206e-05    STRATEGY= 1      ERR MATRIX NOT POS-DEF
  EXT PARAMETER                APPROXIMATE     INTERNAL      INTERNAL  
  NO.   NAME      VALUE            ERROR       STEP SIZE       VALUE   
   1  acmsP        7.49967e+01   1.25016e+01   5.00000e-01   1.59376e+00
   2  betaP        4.84219e-02   6.70430e-03   1.65657e-03   2.57486e+00
   3  gammaP       6.38514e-02   3.59837e-02   9.81131e-05  -1.07947e+00
   4  meanP       -1.53084e+00   8.52277e-02   6.83387e-05  -3.11166e-01
   5  nBkgP        2.01143e+03   1.83514e+02   1.16048e-04  -9.76924e-01
   6  nSigP        1.47042e+04   3.72785e+02   9.11393e-05   2.54681e-01
   7  sosP         1.77060e+00   1.45238e-01   2.19410e-04  -4.50358e-01
                               ERR DEF= 0.5
 EXTERNAL ERROR MATRIX.    NDIM=  26    NPAR=  7    ERR DEF=0.5
  3.273e+00  2.639e-03 -6.496e-02 -1.196e-01 -2.630e+02  6.095e+02  2.256e-01 
  2.639e-03  4.655e-05 -6.977e-05 -2.075e-04 -1.322e-01  8.375e-01  3.268e-04 
 -6.496e-02 -6.977e-05  1.305e-03  2.417e-03  5.170e+00 -1.218e+01 -4.491e-03 
 -1.196e-01 -2.075e-04  2.417e-03  7.265e-03  1.006e+01 -2.355e+01 -1.081e-02 
 -2.630e+02 -1.322e-01  5.170e+00  1.006e+01  3.369e+04 -5.707e+04 -1.895e+01 
  6.095e+02  8.375e-01 -1.218e+01 -2.355e+01 -5.707e+04  1.390e+05  4.391e+01 
  2.256e-01  3.268e-04 -4.491e-03 -1.081e-02 -1.895e+01  4.391e+01  2.113e-02 
ERR MATRIX NOT POS-DEF
 PARAMETER  CORRELATION COEFFICIENTS  
       NO.  GLOBAL      1      2      3      4      5      6      7
        1  0.99714   1.000  0.214 -0.994 -0.776 -0.792  0.904  0.858
        2  0.77253   0.214  1.000 -0.283 -0.357 -0.106  0.329  0.329
        3  0.99687  -0.994 -0.283  1.000  0.785  0.780 -0.904 -0.855
        4  0.88098  -0.776 -0.357  0.785  1.000  0.643 -0.741 -0.872
        5  0.85709  -0.792 -0.106  0.780  0.643  1.000 -0.834 -0.710
        6  0.93883   0.904  0.329 -0.904 -0.741 -0.834  1.000  0.810
        7  0.92544   0.858  0.329 -0.855 -0.872 -0.710  0.810  1.000
 ERR MATRIX NOT POS-DEF
 **********
 **   13 **MIGRAD        3500           1
 **********
 FIRST CALL TO USER FUNCTION AT NEW START POINT, WITH IFLAG=4.
 START MIGRAD MINIMIZATION.  STRATEGY  1.  CONVERGENCE WHEN EDM .LT. 1.00e-03
 FCN=-227783 FROM MIGRAD    STATUS=INITIATE      183 CALLS         184 TOTAL
                     EDM= unknown      STRATEGY= 1      NO ERROR MATRIX       
  EXT PARAMETER               CURRENT GUESS       STEP         FIRST   
  NO.   NAME      VALUE            ERROR          SIZE      DERIVATIVE 
   1  acmsF        5.67877e+01   2.50000e+00   0.00000e+00   5.22900e+01
   2  betaF        5.99688e-02   5.00000e-03   0.00000e+00   6.06631e+00
   3  gammaF       2.63015e-02   4.75000e-02   1.92959e-01  -1.88796e+00
   4  meanF        0.00000e+00   1.00000e+00   0.00000e+00   3.42054e+03
   5  nBkgF        4.16170e+03   2.08060e+03   0.00000e+00  -1.05174e+04
   6  nSigF        3.74553e+04   6.24250e+03   0.00000e+00  -1.32005e+02
   7  sosF         4.99965e+00   2.50000e-01   0.00000e+00   2.10785e+01
                               ERR DEF= 0.5
 MIGRAD FAILS TO FIND IMPROVEMENT
 MACHINE ACCURACY LIMITS FURTHER IMPROVEMENT.
 MIGRAD MINIMIZATION HAS CONVERGED.
 MIGRAD WILL VERIFY CONVERGENCE AND ERROR MATRIX.
 COVARIANCE MATRIX CALCULATED SUCCESSFULLY
 FCN=-236632 FROM HESSE     STATUS=OK             54 CALLS         922 TOTAL
                     EDM=0.00151355    STRATEGY= 1      ERROR MATRIX ACCURATE 
  EXT PARAMETER                                   STEP         FIRST   
  NO.   NAME      VALUE            ERROR          SIZE      DERIVATIVE 
   1  acmsF        5.00000e+01   1.22434e-01   4.69051e-02  -5.25784e-02
   2  betaF        5.99996e-02   7.82479e-04   8.39254e-02  -8.84183e-02
   3  gammaF       2.58918e-02   3.94516e-04   8.97118e-04  -1.22085e+01
   4  meanF       -1.75385e+00   6.98405e-02   4.66775e-03   2.14219e+00
   5  nBkgF        3.71989e+04   3.13650e+02   2.78429e-03   1.44169e-02
   6  nSigF        1.43899e+04   2.16514e+02   2.25891e-03   2.96590e+00
   7  sosF         5.75111e-01   3.43132e-01   1.61562e-01   3.71387e-03
                               ERR DEF= 0.5
 MIGRAD MINIMIZATION HAS CONVERGED.
 FCN=-236632 FROM MIGRAD    STATUS=CONVERGED     936 CALLS         937 TOTAL
                     EDM=3.43492e-05    STRATEGY= 1  ERROR MATRIX UNCERTAINTY   2.0 per cent
  EXT PARAMETER                                   STEP         FIRST   
  NO.   NAME      VALUE            ERROR          SIZE      DERIVATIVE 
   1  acmsF        5.00000e+01   1.21657e-01   1.22401e-03** at limit **
   2  betaF        6.00000e-02   7.68758e-04   6.05058e-03** at limit **
   3  gammaF       2.59038e-02   3.89604e-04   8.44821e-05   4.99239e-01
   4  meanF       -1.75570e+00   7.04671e-02  -3.94527e-04   1.80201e-01
   5  nBkgF        3.72038e+04   3.14415e+02   1.61194e-04  -1.94461e-02
   6  nSigF        1.43852e+04   2.17060e+02  -1.78426e-04  -1.60532e-01
   7  sosF         5.78935e-01   3.22075e-01  -6.55118e-03  -1.43089e-02
                               ERR DEF= 0.5
 EXTERNAL ERROR MATRIX.    NDIM=  26    NPAR=  7    ERR DEF=0.5
  1.112e-07 -1.234e-11  2.959e-09  2.487e-07 -2.393e-03 -4.468e-04  3.123e-06 
 -1.234e-11  9.087e-12  3.572e-11  1.238e-09  1.176e-05 -7.860e-06  6.252e-08 
  2.959e-09  3.572e-11  1.518e-07  3.608e-06  1.695e-02  2.279e-03  6.860e-07 
  2.487e-07  1.238e-09  3.608e-06  4.966e-03  1.490e+00 -8.394e-01  6.609e-03 
 -2.393e-03  1.176e-05  1.695e-02  1.490e+00  9.886e+04 -3.867e+04  1.533e+01 
 -4.468e-04 -7.860e-06  2.279e-03 -8.394e-01 -3.867e+04  4.712e+04 -1.277e+01 
  3.123e-06  6.252e-08  6.860e-07  6.609e-03  1.533e+01 -1.277e+01  1.062e-01 
 PARAMETER  CORRELATION COEFFICIENTS  
       NO.  GLOBAL      1      2      3      4      5      6      7
        1  0.05521   1.000 -0.012  0.023  0.011 -0.023 -0.006  0.029
        2  0.07405  -0.012  1.000  0.030  0.006  0.012 -0.012  0.064
        3  0.23302   0.023  0.030  1.000  0.131  0.138  0.027  0.005
        4  0.31623   0.011  0.006  0.131  1.000  0.067 -0.055  0.288
        5  0.58979  -0.023  0.012  0.138  0.067  1.000 -0.567  0.150
        6  0.58466  -0.006 -0.012  0.027 -0.055 -0.567  1.000 -0.181
        7  0.34331   0.029  0.064  0.005  0.288  0.150 -0.181  1.000
 **********
 **   18 **HESSE        3500
 **********
 COVARIANCE MATRIX CALCULATED SUCCESSFULLY
 FCN=-236632 FROM HESSE     STATUS=OK             58 CALLS         995 TOTAL
                     EDM=0.00015424    STRATEGY= 1      ERROR MATRIX ACCURATE 
  EXT PARAMETER                                INTERNAL      INTERNAL  
  NO.   NAME      VALUE            ERROR       STEP SIZE       VALUE   
   1  acmsF        5.00000e+01   1.23577e-01   4.69802e-02  -1.57061e+00
                                 WARNING -   - ABOVE PARAMETER IS AT LIMIT.
   2  betaF        6.00000e-02   7.94272e-04   8.41389e-02   1.57128e+00
                                 WARNING -   - ABOVE PARAMETER IS AT LIMIT.
   3  gammaF       2.59038e-02   3.95921e-04   8.97015e-04  -1.27988e+00
   4  meanF       -1.75570e+00   7.52324e-02   4.66574e-03  -3.58789e-01
   5  nBkgF        3.72038e+04   3.16925e+02   1.11372e-03   1.93134e-01
   6  nSigF        1.43852e+04   2.19412e+02   2.25894e-03  -5.69412e-01
   7  sosF         5.78935e-01   4.61901e-01   6.46247e-02   4.44672e+00
                               ERR DEF= 0.5
 EXTERNAL ERROR MATRIX.    NDIM=  26    NPAR=  7    ERR DEF=0.5
  1.130e-07 -4.140e-13  5.139e-09  1.676e-07 -2.058e-03 -1.008e-03  7.596e-07 
 -4.140e-13  9.390e-12  7.186e-11  1.914e-09  1.671e-05 -1.369e-05  1.048e-08 
  5.139e-09  7.186e-11  1.568e-07  2.754e-06  1.573e-02  2.937e-03 -1.590e-05 
  1.676e-07  1.914e-09  2.754e-06  5.660e-03  2.933e+00 -1.978e+00  1.421e-02 
 -2.058e-03  1.671e-05  1.573e-02  2.933e+00  1.004e+05 -3.994e+04  2.245e+01 
 -1.008e-03 -1.369e-05  2.937e-03 -1.978e+00 -3.994e+04  4.814e+04 -1.778e+01 
  7.596e-07  1.048e-08 -1.590e-05  1.421e-02  2.245e+01 -1.778e+01  1.541e-01 
 PARAMETER  CORRELATION COEFFICIENTS  
       NO.  GLOBAL      1      2      3      4      5      6      7
        1  0.05924   1.000 -0.000  0.039  0.007 -0.019 -0.014  0.006
        2  0.06471  -0.000  1.000  0.059  0.008  0.017 -0.020  0.009
        3  0.27297   0.039  0.059  1.000  0.092  0.125  0.034 -0.102
        4  0.50231   0.007  0.008  0.092  1.000  0.123 -0.120  0.481
        5  0.59834  -0.019  0.017  0.125  0.123  1.000 -0.574  0.180
        6  0.59234  -0.014 -0.020  0.034 -0.120 -0.574  1.000 -0.206
        7  0.52808   0.006  0.009 -0.102  0.481  0.180 -0.206  1.000
 **********
 **   23 **HESSE        3500
 **********
 COVARIANCE MATRIX CALCULATED SUCCESSFULLY
 FCN=-236632 FROM HESSE     STATUS=OK             50 CALLS        1045 TOTAL
                     EDM=0.000192271    STRATEGY= 1      ERROR MATRIX ACCURATE 
  EXT PARAMETER                                INTERNAL      INTERNAL  
  NO.   NAME      VALUE            ERROR       STEP SIZE       VALUE   
   1  acmsF        5.00000e+01   1.23724e-01   9.39604e-03  -1.57061e+00
                                 WARNING -   - ABOVE PARAMETER IS AT LIMIT.
   2  betaF        6.00000e-02   7.93795e-04   1.68278e-02   1.57128e+00
                                 WARNING -   - ABOVE PARAMETER IS AT LIMIT.
   3  gammaF       2.59038e-02   3.96223e-04   3.58806e-05  -1.27988e+00
   4  meanF       -1.75570e+00   8.07585e-02   1.86629e-04  -3.58789e-01
   5  nBkgF        3.72038e+04   3.20328e+02   4.45487e-05   1.93134e-01
   6  nSigF        1.43852e+04   2.22444e+02   4.51789e-04  -5.69412e-01
   7  sosF         5.78935e-01   5.61236e-01   2.58499e-03   4.44672e+00
                               ERR DEF= 0.5
 EXTERNAL ERROR MATRIX.    NDIM=  26    NPAR=  7    ERR DEF=0.5
  1.131e-07 -1.683e-14  1.050e-09  4.390e-08 -4.100e-04 -2.211e-04  2.238e-07 
 -1.683e-14  9.384e-12  1.484e-11  5.295e-10  3.702e-06 -3.041e-06  3.120e-09 
  1.050e-09  1.484e-11  1.570e-07  1.784e-06  1.421e-02  4.180e-03 -2.255e-05 
  4.390e-08  5.295e-10  1.784e-06  6.523e-03  4.257e+00 -3.018e+00  2.026e-02 
 -4.100e-04  3.702e-06  1.421e-02  4.257e+00  1.026e+05 -4.170e+04  3.188e+01 
 -2.211e-04 -3.041e-06  4.180e-03 -3.018e+00 -4.170e+04  4.948e+04 -2.518e+01 
  2.238e-07  3.120e-09 -2.255e-05  2.026e-02  3.188e+01 -2.518e+01  1.888e-01 
 PARAMETER  CORRELATION COEFFICIENTS  
       NO.  GLOBAL      1      2      3      4      5      6      7
        1  0.01228   1.000 -0.000  0.008  0.002 -0.004 -0.003  0.002
        2  0.01361  -0.000  1.000  0.012  0.002  0.004 -0.004  0.002
        3  0.27554   0.008  0.012  1.000  0.056  0.112  0.047 -0.131
        4  0.59258   0.002  0.002  0.056  1.000  0.165 -0.168  0.577
        5  0.60957  -0.004  0.004  0.112  0.165  1.000 -0.585  0.229
        6  0.60700  -0.003 -0.004  0.047 -0.168 -0.585  1.000 -0.261
        7  0.62479   0.002  0.002 -0.131  0.577  0.229 -0.261  1.000
alphaF[1.583]
meanF[-2.372]
nF[0.402]
nSigF[2945.027]
sigmaF[4.199]
sigmaF_2[3.025]
alphaP[1.838]
meanP[-1.811]
nP[0.818]
nSigP[4544.790]
sigmaP[4.282]
sigmaP_2[2.197]

RooWorkspace(w) w contents

variables
---------
(acmsF,acmsP,alphaF,alphaP,betaF,betaP,eff,gammaF,gammaP,meanF,meanP,nBkgF,nBkgP,nF,nP,nSigF,nSigP,peakF,peakP,sigmaF,sigmaF_2,sigmaP,sigmaP_2,sosF,sosP,x)

p.d.f.s
-------
RooCMSShape::bkgFail[ x=x alpha=acmsF beta=betaF gamma=gammaF peak=peakF ] = 1.91031
RooCMSShape::bkgPass[ x=x alpha=acmsP beta=betaP gamma=gammaP peak=peakP ] = 1.91031
RooAddPdf::pdfFail[ nSigF * sigFail + nBkgF * bkgFail ] = 9.52723
RooAddPdf::pdfPass[ nSigP * sigPass + nBkgP * bkgPass ] = 12.1707
RooFFTConvPdf::sigFail[ sigPhysFail(x) (*) sigResFail(x) ] = 0.0617869
RooFFTConvPdf::sigPass[ sigPhysPass(x) (*) sigResPass(x) ] = 0.0783037
RooHistPdf::sigPhysFail[ pdfObs=(x) ] = 35600
RooHistPdf::sigPhysPass[ pdfObs=(x) ] = 35600
RooCBExGaussShape::sigResFail[ m=x  m0=meanF  sigma=sigResFail_3  alpha=alphaF  n=nF  sigma_2=sigResFail_6 ] = 5.25719e-174
RooCBExGaussShape::sigResPass[ m=x  m0=meanP  sigma=sigResPass_3  alpha=alphaP  n=nP  sigma_2=sigResPass_6 ] = 1.37381e-302

functions
--------
RooFormulaVar::sigResFail_3[ actualVars=(sigmaF,sosF) formula="sqrt(sigmaF*sigmaF+sosF*sosF)" ] = 4.31643
RooFormulaVar::sigResFail_6[ actualVars=(sigmaF_2,sosF) formula="sqrt(sigmaF_2*sigmaF_2+sosF*sosF)" ] = 3.186
RooFormulaVar::sigResPass_3[ actualVars=(sigmaP,sosP) formula="sqrt(sigmaP*sigmaP+sosP*sosP)" ] = 4.39722
RooFormulaVar::sigResPass_6[ actualVars=(sigmaP_2,sosP) formula="sqrt(sigmaP_2*sigmaP_2+sosP*sosP)" ] = 2.41388

datasets
--------
RooDataHist::hPass(x)
RooDataHist::hFail(x)
RooDataHist::hGenZPass(x)
RooDataHist::hGenZFail(x)

embedded precalculated expensive components
-------------------------------------------
uid = 0 key=sigFail_sigPhysFail_CONV_sigResFail_CACHEHIST_Obs[x]_BufFrac0.1_BufStrat0 value=RooDataHist::sigFail_sigPhysFail_CONV_sigResFail_CACHEHIST_Obs[x]_BufFrac0.1_BufStrat0 parameters=( alphaF=1.583 meanF=-0 nF=0.402 sigmaF=4.199 sigmaF_2=3.025 sosF=1 )
uid = 1 key=sigPass_sigPhysPass_CONV_sigResPass_CACHEHIST_Obs[x]_BufFrac0.1_BufStrat0 value=RooDataHist::sigPass_sigPhysPass_CONV_sigResPass_CACHEHIST_Obs[x]_BufFrac0.1_BufStrat0 parameters=( alphaP=1.838 meanP=-0 nP=0.818 sigmaP=4.282 sigmaP_2=2.197 sosP=1 )
 title :  -  -2.000 < #eta_{SC} < -1.566 -  15.000 < probe_Pho_et < 20.000
 **********
 **   13 **MIGRAD        3500           1
 **********
 FIRST CALL TO USER FUNCTION AT NEW START POINT, WITH IFLAG=4.
 START MIGRAD MINIMIZATION.  STRATEGY  1.  CONVERGENCE WHEN EDM .LT. 1.00e-03
 FCN=-88951.1 FROM MIGRAD    STATUS=INITIATE       48 CALLS          49 TOTAL
                     EDM= unknown      STRATEGY= 1      NO ERROR MATRIX       
  EXT PARAMETER               CURRENT GUESS       STEP         FIRST   
  NO.   NAME      VALUE            ERROR          SIZE      DERIVATIVE 
   1  acmsP        7.49996e+01   2.50000e+00   1.76466e+00  -3.86767e-01
   2  betaP        4.00000e-02   5.00000e-03   0.00000e+00  -1.09392e+02
   3  gammaP       1.00000e-01   4.75000e-02   0.00000e+00   4.51497e+02
   4  meanP        0.00000e+00   1.00000e+00   0.00000e+00   5.43584e+03
   5  nBkgP        1.69970e+03   8.49600e+02   0.00000e+00  -9.05493e+02
   6  nSigP        1.52973e+04   2.54950e+03   0.00000e+00  -8.27418e+02
   7  sosP         1.00000e+00   2.50000e-01   0.00000e+00   1.96801e+02
                               ERR DEF= 0.5
 MIGRAD MINIMIZATION HAS CONVERGED.
 MIGRAD WILL VERIFY CONVERGENCE AND ERROR MATRIX.
 EIGENVALUES OF SECOND-DERIVATIVE MATRIX:
        -9.6086e-02  1.1993e-01  3.1475e-01  5.8380e-01  1.1122e+00  1.5830e+00  3.3824e+00
 MINUIT WARNING IN HESSE   
 ============== MATRIX FORCED POS-DEF BY ADDING 0.099469 TO DIAGONAL.
 FCN=-90335.7 FROM MIGRAD    STATUS=CONVERGED     436 CALLS         437 TOTAL
                     EDM=0.000726065    STRATEGY= 1      ERR MATRIX NOT POS-DEF
  EXT PARAMETER                APPROXIMATE        STEP         FIRST   
  NO.   NAME      VALUE            ERROR          SIZE      DERIVATIVE 
   1  acmsP        7.50000e+01   2.43899e+01   5.00000e-01   1.01791e-06
   2  betaP        1.00002e-02   2.91200e-02   2.46237e-01   5.99755e-04
   3  gammaP       6.16108e-02   2.41357e-02   3.84175e-03   2.68296e-01
   4  meanP       -2.60844e+00   5.48599e-02   2.21016e-03  -1.00446e+00
   5  nBkgP        2.06798e+03   1.50772e+02   3.62750e-03   5.74064e-02
   6  nSigP        1.64985e+04   1.50248e+02   2.30750e-03  -3.54020e-01
   7  sosP         1.89020e+00   8.99772e-02   7.44357e-03  -2.45760e-01
                               ERR DEF= 0.5
 EXTERNAL ERROR MATRIX.    NDIM=  26    NPAR=  7    ERR DEF=0.5
  9.301e+00  3.924e-03 -7.075e-02  3.699e-02 -2.263e+02 -3.793e+01 -3.228e-03 
  3.924e-03  1.711e-06 -2.862e-05  1.650e-05 -1.007e-01 -2.138e-02 -3.524e-06 
 -7.075e-02 -2.862e-05  5.847e-04 -2.671e-04  1.615e+00  3.525e-01  5.788e-05 
  3.699e-02  1.650e-05 -2.671e-04  3.010e-03  1.302e-01 -9.282e-01 -2.783e-03 
 -2.263e+02 -1.007e-01  1.615e+00  1.302e-01  2.274e+04 -6.158e+03 -1.590e+00 
 -3.793e+01 -2.138e-02  3.525e-01 -9.282e-01 -6.158e+03  2.258e+04  2.010e+00 
 -3.228e-03 -3.524e-06  5.788e-05 -2.783e-03 -1.590e+00  2.010e+00  8.101e-03 
ERR MATRIX NOT POS-DEF
 PARAMETER  CORRELATION COEFFICIENTS  
       NO.  GLOBAL      1      2      3      4      5      6      7
        1  0.99753   1.000  0.984 -0.959  0.221 -0.492 -0.083 -0.012
        2  0.99454   0.984  1.000 -0.905  0.230 -0.511 -0.109 -0.030
        3  0.98564  -0.959 -0.905  1.000 -0.201  0.443  0.097  0.027
        4  0.61371   0.221  0.230 -0.201  1.000  0.016 -0.113 -0.564
        5  0.63859  -0.492 -0.511  0.443  0.016  1.000 -0.272 -0.117
        6  0.51119  -0.083 -0.109  0.097 -0.113 -0.272  1.000  0.149
        7  0.61367  -0.012 -0.030  0.027 -0.564 -0.117  0.149  1.000
 ERR MATRIX NOT POS-DEF
 **********
 **   18 **HESSE        3500
 **********
 EIGENVALUES OF SECOND-DERIVATIVE MATRIX:
        -7.3848e-01  1.7725e-01  3.1879e-01  5.8670e-01  1.1651e+00  1.5883e+00  3.9023e+00
 MINUIT WARNING IN HESSE   
 ============== MATRIX FORCED POS-DEF BY ADDING 0.742381 TO DIAGONAL.
 FCN=-90335.7 FROM HESSE     STATUS=NOT POSDEF     58 CALLS         495 TOTAL
                     EDM=0.000113645    STRATEGY= 1      ERR MATRIX NOT POS-DEF
  EXT PARAMETER                APPROXIMATE     INTERNAL      INTERNAL  
  NO.   NAME      VALUE            ERROR       STEP SIZE       VALUE   
   1  acmsP        7.50000e+01   1.26019e+01   5.00000e-01   1.56933e+00
   2  betaP        1.00002e-02   3.80974e-02   5.00000e-01   4.71685e+00
   3  gammaP       6.16108e-02   4.34107e-03   1.53670e-04  -1.08910e+00
   4  meanP       -2.60844e+00   3.86414e-02   4.42033e-04  -5.48828e-01
   5  nBkgP        2.06798e+03   1.36932e+02   1.45100e-04  -9.93266e-01
   6  nSigP        1.64985e+04   1.15014e+02   4.61500e-04   2.98630e-01
   7  sosP         1.89020e+00   6.15162e-02   2.97743e-04  -3.92104e-01
                               ERR DEF= 0.5
 EXTERNAL ERROR MATRIX.    NDIM=  26    NPAR=  7    ERR DEF=0.5
  6.462e+00  2.232e-03 -4.366e-03  2.854e-02 -2.464e+02 -9.322e+01 -1.164e-02 
  2.232e-03  7.766e-07 -1.347e-06  9.907e-06 -8.606e-02 -3.338e-02 -4.413e-06 
 -4.366e-03 -1.347e-06  1.885e-05 -1.473e-05  1.553e-01  9.104e-02  2.181e-05 
  2.854e-02  9.907e-06 -1.473e-05  1.493e-03 -8.426e-01 -5.146e-01 -8.602e-04 
 -2.464e+02 -8.606e-02  1.553e-01 -8.426e-01  1.875e+04  1.201e+03  1.035e-01 
 -9.322e+01 -3.338e-02  9.104e-02 -5.146e-01  1.201e+03  1.323e+04  5.561e-01 
 -1.164e-02 -4.413e-06  2.181e-05 -8.602e-04  1.035e-01  5.561e-01  3.785e-03 
ERR MATRIX NOT POS-DEF
 PARAMETER  CORRELATION COEFFICIENTS  
       NO.  GLOBAL      1      2      3      4      5      6      7
        1  0.99776   1.000  0.996 -0.396  0.291 -0.708 -0.319 -0.074
        2  0.99775   0.996  1.000 -0.352  0.291 -0.713 -0.329 -0.081
        3  0.66467  -0.396 -0.352  1.000 -0.088  0.261  0.182  0.082
        4  0.45513   0.291  0.291 -0.088  1.000 -0.159 -0.116 -0.362
        5  0.73956  -0.708 -0.713  0.261 -0.159  1.000  0.076  0.012
        6  0.45224  -0.319 -0.329  0.182 -0.116  0.076  1.000  0.079
        7  0.39769  -0.074 -0.081  0.082 -0.362  0.012  0.079  1.000
 ERR MATRIX NOT POS-DEF
 **********
 **   23 **HESSE        3500
 **********
 EIGENVALUES OF SECOND-DERIVATIVE MATRIX:
        -7.3848e-01  1.7619e-01  3.1868e-01  5.8652e-01  1.1653e+00  1.5884e+00  3.9034e+00
 MINUIT WARNING IN HESSE   
 ============== MATRIX FORCED POS-DEF BY ADDING 0.742385 TO DIAGONAL.
 FCN=-90335.7 FROM HESSE     STATUS=NOT POSDEF     58 CALLS         553 TOTAL
                     EDM=0.000113646    STRATEGY= 1      ERR MATRIX NOT POS-DEF
  EXT PARAMETER                APPROXIMATE     INTERNAL      INTERNAL  
  NO.   NAME      VALUE            ERROR       STEP SIZE       VALUE   
   1  acmsP        7.50000e+01   1.25912e+01   5.00000e-01   1.56933e+00
   2  betaP        1.00002e-02   3.80777e-02   5.00000e-01   4.71685e+00
   3  gammaP       6.16108e-02   4.34604e-03   3.07340e-05  -1.08910e+00
   4  meanP       -2.60844e+00   3.86406e-02   8.84065e-05  -5.48828e-01
   5  nBkgP        2.06798e+03   1.36893e+02   2.90200e-05  -9.93266e-01
   6  nSigP        1.64985e+04   1.15023e+02   9.22999e-05   2.98630e-01
   7  sosP         1.89020e+00   6.15173e-02   5.95486e-05  -3.92104e-01
                               ERR DEF= 0.5
 EXTERNAL ERROR MATRIX.    NDIM=  26    NPAR=  7    ERR DEF=0.5
  6.461e+00  2.232e-03 -4.389e-03  2.852e-02 -2.463e+02 -9.327e+01 -1.166e-02 
  2.232e-03  7.763e-07 -1.354e-06  9.899e-06 -8.599e-02 -3.339e-02 -4.418e-06 
 -4.389e-03 -1.354e-06  1.889e-05 -1.481e-05  1.560e-01  9.135e-02  2.185e-05 
  2.852e-02  9.899e-06 -1.481e-05  1.493e-03 -8.415e-01 -5.146e-01 -8.604e-04 
 -2.463e+02 -8.599e-02  1.560e-01 -8.415e-01  1.874e+04  1.200e+03  1.038e-01 
 -9.327e+01 -3.339e-02  9.135e-02 -5.146e-01  1.200e+03  1.323e+04  5.564e-01 
 -1.166e-02 -4.418e-06  2.185e-05 -8.604e-04  1.038e-01  5.564e-01  3.785e-03 
ERR MATRIX NOT POS-DEF
 PARAMETER  CORRELATION COEFFICIENTS  
       NO.  GLOBAL      1      2      3      4      5      6      7
        1  0.99776   1.000  0.996 -0.397  0.290 -0.708 -0.319 -0.075
        2  0.99775   0.996  1.000 -0.354  0.291 -0.713 -0.329 -0.081
        3  0.66563  -0.397 -0.354  1.000 -0.088  0.262  0.183  0.082
        4  0.45510   0.290  0.291 -0.088  1.000 -0.159 -0.116 -0.362
        5  0.73939  -0.708 -0.713  0.262 -0.159  1.000  0.076  0.012
        6  0.45240  -0.319 -0.329  0.183 -0.116  0.076  1.000  0.079
        7  0.39774  -0.075 -0.081  0.082 -0.362  0.012  0.079  1.000
 ERR MATRIX NOT POS-DEF
 **********
 **   13 **MIGRAD        3500           1
 **********
 FIRST CALL TO USER FUNCTION AT NEW START POINT, WITH IFLAG=4.
 START MIGRAD MINIMIZATION.  STRATEGY  1.  CONVERGENCE WHEN EDM .LT. 1.00e-03
 FCN=-242567 FROM MIGRAD    STATUS=INITIATE      161 CALLS         162 TOTAL
                     EDM= unknown      STRATEGY= 1      NO ERROR MATRIX       
  EXT PARAMETER               CURRENT GUESS       STEP         FIRST   
  NO.   NAME      VALUE            ERROR          SIZE      DERIVATIVE 
   1  acmsF        5.38120e+01   2.50000e+00   0.00000e+00   3.43115e+01
   2  betaF        5.99997e-02   5.00000e-03   0.00000e+00  -2.81418e-01
   3  gammaF       1.22000e-02   4.75000e-02   0.00000e+00   7.59563e+02
   4  meanF        0.00000e+00   1.00000e+00   0.00000e+00   4.22323e+03
   5  nBkgF        4.39870e+03   2.19910e+03   0.00000e+00  -1.14746e+04
   6  nSigF        3.95883e+04   6.59800e+03   0.00000e+00  -8.22577e+02
   7  sosF         5.00003e-01   2.50000e-01  -6.81221e-01  -2.82707e-02
                               ERR DEF= 0.5
 MIGRAD MINIMIZATION HAS CONVERGED.
 FCN=-252683 FROM MIGRAD    STATUS=CONVERGED     475 CALLS         476 TOTAL
                     EDM=6.14853e-06    STRATEGY= 1  ERROR MATRIX UNCERTAINTY   2.5 per cent
  EXT PARAMETER                                   STEP         FIRST   
  NO.   NAME      VALUE            ERROR          SIZE      DERIVATIVE 
   1  acmsF        5.00000e+01   9.08262e-02  -1.95037e-04** at limit **
   2  betaF        6.00000e-02   2.21257e-04  -9.53953e-05** at limit **
   3  gammaF       2.95003e-02   3.89330e-04   2.51785e-05   9.86881e-01
   4  meanF       -2.84913e+00   1.01644e-01  -1.31581e-04  -6.45998e-02
   5  nBkgF        4.07851e+04   3.58580e+02  -1.26730e-04  -2.37644e-01
   6  nSigF        1.46650e+04   2.50459e+02   5.24243e-05  -1.16754e-01
   7  sosF         1.29769e+00   2.67343e-01   4.63486e-04  -6.44282e-03
                               ERR DEF= 0.5
 EXTERNAL ERROR MATRIX.    NDIM=  26    NPAR=  7    ERR DEF=0.5
  6.979e-08 -8.991e-13  3.674e-10 -5.140e-07 -6.942e-04  1.051e-03  3.416e-06 
 -8.991e-13  2.997e-13 -3.604e-12  4.179e-10  3.391e-06 -1.000e-06 -5.013e-10 
  3.674e-10 -3.604e-12  1.516e-07  3.327e-06  1.668e-02  4.858e-03  1.571e-05 
 -5.140e-07  4.179e-10  3.327e-06  1.033e-02  6.461e+00 -4.434e+00 -1.513e-02 
 -6.942e-04  3.391e-06  1.668e-02  6.461e+00  1.286e+05 -5.782e+04 -2.451e+01 
  1.051e-03 -1.000e-06  4.858e-03 -4.434e+00 -5.782e+04  6.273e+04  1.894e+01 
  3.416e-06 -5.013e-10  1.571e-05 -1.513e-02 -2.451e+01  1.894e+01  7.206e-02 
 PARAMETER  CORRELATION COEFFICIENTS  
       NO.  GLOBAL      1      2      3      4      5      6      7
        1  0.05072   1.000 -0.006  0.004 -0.019 -0.007  0.016  0.048
        2  0.02987  -0.006  1.000 -0.017  0.008  0.017 -0.007 -0.003
        3  0.32553   0.004 -0.017  1.000  0.084  0.119  0.050  0.150
        4  0.58039  -0.019  0.008  0.084  1.000  0.177 -0.174 -0.555
        5  0.66900  -0.007  0.017  0.119  0.177  1.000 -0.644 -0.255
        6  0.66408   0.016 -0.007  0.050 -0.174 -0.644  1.000  0.282
        7  0.62177   0.048 -0.003  0.150 -0.555 -0.255  0.282  1.000
 **********
 **   18 **HESSE        3500
 **********
 COVARIANCE MATRIX CALCULATED SUCCESSFULLY
 FCN=-252683 FROM HESSE     STATUS=OK             58 CALLS         534 TOTAL
                     EDM=0.000385475    STRATEGY= 1      ERROR MATRIX ACCURATE 
  EXT PARAMETER                                INTERNAL      INTERNAL  
  NO.   NAME      VALUE            ERROR       STEP SIZE       VALUE   
   1  acmsF        5.00000e+01   9.47064e-02   4.26102e-02   4.71221e+00
                                 WARNING -   - ABOVE PARAMETER IS AT LIMIT.
   2  betaF        6.00000e-02   7.73664e-04   8.62207e-02   1.57096e+00
                                 WARNING -   - ABOVE PARAMETER IS AT LIMIT.
   3  gammaF       2.95003e-02   3.93909e-04   8.33503e-04  -1.25566e+00
   4  meanF       -2.84913e+00   1.05539e-01   6.99108e-03  -6.06295e-01
   5  nBkgF        4.07851e+04   3.60724e+02   2.90164e-03   2.38528e-01
   6  nSigF        1.46650e+04   2.52888e+02   2.38027e-03  -5.88949e-01
   7  sosF         1.29769e+00   3.10508e-01   4.74139e-02  -7.01637e-01
                               ERR DEF= 0.5
 EXTERNAL ERROR MATRIX.    NDIM=  26    NPAR=  7    ERR DEF=0.5
  7.278e-08  2.625e-14  3.301e-09  2.311e-07 -1.257e-03 -9.397e-04 -6.430e-07 
  2.625e-14  1.052e-12  2.448e-11  1.391e-09  8.591e-06 -6.657e-06 -4.476e-09 
  3.301e-09  2.448e-11  1.552e-07  2.808e-06  1.655e-02  6.082e-03  1.974e-05 
  2.311e-07  1.391e-09  2.808e-06  1.114e-02  8.172e+00 -5.823e+00 -1.968e-02 
 -1.257e-03  8.591e-06  1.655e-02  8.172e+00  1.301e+05 -5.860e+04 -3.128e+01 
 -9.397e-04 -6.657e-06  6.082e-03 -5.823e+00 -5.860e+04  6.395e+04  2.500e+01 
 -6.430e-07 -4.476e-09  1.974e-05 -1.968e-02 -3.128e+01  2.500e+01  9.748e-02 
 PARAMETER  CORRELATION COEFFICIENTS  
       NO.  GLOBAL      1      2      3      4      5      6      7
        1  0.05171   1.000  0.000  0.031  0.008 -0.013 -0.014 -0.008
        2  0.06999   0.000  1.000  0.061  0.013  0.023 -0.026 -0.014
        3  0.34145   0.031  0.061  1.000  0.068  0.116  0.061  0.161
        4  0.62066   0.008  0.013  0.068  1.000  0.215 -0.218 -0.597
        5  0.66955  -0.013  0.023  0.116  0.215  1.000 -0.642 -0.278
        6  0.66839  -0.014 -0.026  0.061 -0.218 -0.642  1.000  0.317
        7  0.65961  -0.008 -0.014  0.161 -0.597 -0.278  0.317  1.000
 **********
 **   23 **HESSE        3500
 **********
 COVARIANCE MATRIX CALCULATED SUCCESSFULLY
 FCN=-252683 FROM HESSE     STATUS=OK             50 CALLS         584 TOTAL
                     EDM=0.000372825    STRATEGY= 1      ERROR MATRIX ACCURATE 
  EXT PARAMETER                                INTERNAL      INTERNAL  
  NO.   NAME      VALUE            ERROR       STEP SIZE       VALUE   
   1  acmsF        5.00000e+01   9.47843e-02   8.52204e-03   4.71221e+00
                                 WARNING -   - ABOVE PARAMETER IS AT LIMIT.
   2  betaF        6.00000e-02   7.72504e-04   1.72441e-02   1.57096e+00
                                 WARNING -   - ABOVE PARAMETER IS AT LIMIT.
   3  gammaF       2.95003e-02   3.92229e-04   3.33401e-05  -1.25566e+00
   4  meanF       -2.84913e+00   1.03560e-01   2.79643e-04  -6.06295e-01
   5  nBkgF        4.07851e+04   3.59545e+02   1.16065e-04   2.38528e-01
   6  nSigF        1.46650e+04   2.51639e+02   4.76054e-04  -5.88949e-01
   7  sosF         1.29769e+00   3.03607e-01   1.89655e-03  -7.01637e-01
                               ERR DEF= 0.5
 EXTERNAL ERROR MATRIX.    NDIM=  26    NPAR=  7    ERR DEF=0.5
  7.284e-08  8.264e-16  6.403e-10  4.180e-08 -2.471e-04 -1.789e-04 -1.151e-07 
  8.264e-16  1.050e-12  4.974e-12  2.617e-10  1.718e-06 -1.334e-06 -8.421e-10 
  6.403e-10  4.974e-12  1.538e-07  3.238e-06  1.723e-02  5.528e-03  1.801e-05 
  4.180e-08  2.617e-10  3.238e-06  1.073e-02  7.448e+00 -5.229e+00 -1.822e-02 
 -2.471e-04  1.718e-06  1.723e-02  7.448e+00  1.293e+05 -5.793e+04 -2.882e+01 
 -1.789e-04 -1.334e-06  5.528e-03 -5.229e+00 -5.793e+04  6.332e+04  2.295e+01 
 -1.151e-07 -8.421e-10  1.801e-05 -1.822e-02 -2.882e+01  2.295e+01  9.315e-02 
 PARAMETER  CORRELATION COEFFICIENTS  
       NO.  GLOBAL      1      2      3      4      5      6      7
        1  0.00999   1.000  0.000  0.006  0.001 -0.003 -0.003 -0.001
        2  0.01419   0.000  1.000  0.012  0.002  0.005 -0.005 -0.003
        3  0.33016   0.006  0.012  1.000  0.080  0.122  0.056  0.150
        4  0.60124   0.001  0.002  0.080  1.000  0.200 -0.201 -0.576
        5  0.66684  -0.003  0.005  0.122  0.200  1.000 -0.640 -0.263
        6  0.66426  -0.003 -0.005  0.056 -0.201 -0.640  1.000  0.299
        7  0.63830  -0.001 -0.003  0.150 -0.576 -0.263  0.299  1.000
alphaF[1.200]
meanF[-2.767]
nF[0.050]
nSigF[1478.060]
sigmaF[4.800]
sigmaF_2[0.500]
alphaP[1.200]
meanP[-3.927]
nP[1.001]
nSigP[1017.295]
sigmaP[6.000]
sigmaP_2[3.953]

RooWorkspace(w) w contents

variables
---------
(acmsF,acmsP,alphaF,alphaP,betaF,betaP,eff,gammaF,gammaP,meanF,meanP,nBkgF,nBkgP,nF,nP,nSigF,nSigP,peakF,peakP,sigmaF,sigmaF_2,sigmaP,sigmaP_2,sosF,sosP,x)

p.d.f.s
-------
RooCMSShape::bkgFail[ x=x alpha=acmsF beta=betaF gamma=gammaF peak=peakF ] = 1.91031
RooCMSShape::bkgPass[ x=x alpha=acmsP beta=betaP gamma=gammaP peak=peakP ] = 1.91031
RooAddPdf::pdfFail[ nSigF * sigFail + nBkgF * bkgFail ] = 5.37267
RooAddPdf::pdfPass[ nSigP * sigPass + nBkgP * bkgPass ] = 7.9754
RooFFTConvPdf::sigFail[ sigPhysFail(x) (*) sigResFail(x) ] = 0.0357925
