===> settings etc/config/settings_pho.py <===
import etc.config.settings_pho as tnpConf
[?1034h
[1mRooFit v3.60 -- Developed by Wouter Verkerke and David Kirkby[0m 
                Copyright (C) 2000-2013 NIKHEF, University of California & Stanford University
                All rights reserved, please read http://roofit.sourceforge.net/license.txt

===>  Output directory: 
results/Moriond17/tnpPhoID_Winter17MC//passingTight80X/
**** name: data_Run2016H                                                                                        
  path    :  ['eos/cms/store/group/phys_egamma/tnp/80X/PhoEleIDs/Moriond17_v1/data/TnPTree_SingleElectron_2016prompt_RunH.root', 'eos/cms/store/group/phys_egamma/tnp/80X/PhoEleIDs/Moriond17_v1/data/TnPTree_SingleElectron_2016rereco_RunG.root', 'eos/cms/store/group/phys_egamma/tnp/80X/PhoEleIDs/Moriond17_v1/data/TnPTree_SingleElectron_2016rereco_RunF.root', 'eos/cms/store/group/phys_egamma/tnp/80X/PhoEleIDs/Moriond17_v1/data/TnPTree_SingleElectron_2016rereco_RunE.root', 'eos/cms/store/group/phys_egamma/tnp/80X/PhoEleIDs/Moriond17_v1/data/TnPTree_SingleElectron_2016rereco_RunD.root', 'eos/cms/store/group/phys_egamma/tnp/80X/PhoEleIDs/Moriond17_v1/data/TnPTree_SingleElectron_2016rereco_RunC.root', 'eos/cms/store/group/phys_egamma/tnp/80X/PhoEleIDs/Moriond17_v1/data/TnPTree_SingleElectron_2016rereco_RunB.root']
  tnpTree :  GsfElectronToPhoID
   --- Data sample --- 
  lumi     :  36.212

RooWorkspace(w) w contents

variables
---------
(alphaF,alphaP,eff,meanF,meanP,nBkgF,nBkgP,nSigF,nSigP,sigmaF,sigmaP,x)

p.d.f.s
-------
RooExponential::bkgFail[ x=x c=alphaF ] = 1
RooExponential::bkgPass[ x=x c=alphaP ] = 1
RooAddPdf::pdfFail[ nSigF * sigFail + nBkgF * bkgFail ] = 10.8008
RooAddPdf::pdfPass[ nSigP * sigPass + nBkgP * bkgPass ] = 13.3433
RooFFTConvPdf::sigFail[ sigPhysFail(x) (*) sigResFail(x) ] = 0.0694797
RooFFTConvPdf::sigPass[ sigPhysPass(x) (*) sigResPass(x) ] = 0.0863389
RooHistPdf::sigPhysFail[ pdfObs=(x) ] = 262.219
RooHistPdf::sigPhysPass[ pdfObs=(x) ] = 312.083
RooGaussian::sigResFail[ x=x mean=meanF sigma=sigmaF ] = 0
RooGaussian::sigResPass[ x=x mean=meanP sigma=sigmaP ] = 0

datasets
--------
RooDataHist::hPass(x)
RooDataHist::hFail(x)
RooDataHist::hGenZPass(x)
RooDataHist::hGenZFail(x)

embedded precalculated expensive components
-------------------------------------------
uid = 0 key=sigFail_sigPhysFail_CONV_sigResFail_CACHEHIST_Obs[x]_BufFrac0.1_BufStrat0 value=RooDataHist::sigFail_sigPhysFail_CONV_sigResFail_CACHEHIST_Obs[x]_BufFrac0.1_BufStrat0 parameters=( meanF=-0 sigmaF=0.9 )
uid = 1 key=sigPass_sigPhysPass_CONV_sigResPass_CACHEHIST_Obs[x]_BufFrac0.1_BufStrat0 value=RooDataHist::sigPass_sigPhysPass_CONV_sigResPass_CACHEHIST_Obs[x]_BufFrac0.1_BufStrat0 parameters=( meanP=-0 sigmaP=0.9 )
 title :  -  -2.500 < #eta_{SC} < -2.000 -  15.000 < probe_Pho_et < 20.000
 **********
 **   13 **MIGRAD        2500           1
 **********
 FIRST CALL TO USER FUNCTION AT NEW START POINT, WITH IFLAG=4.
 START MIGRAD MINIMIZATION.  STRATEGY  1.  CONVERGENCE WHEN EDM .LT. 1.00e-03
 FCN=-62890 FROM MIGRAD    STATUS=INITIATE       22 CALLS          23 TOTAL
                     EDM= unknown      STRATEGY= 1      NO ERROR MATRIX       
  EXT PARAMETER               CURRENT GUESS       STEP         FIRST   
  NO.   NAME      VALUE            ERROR          SIZE      DERIVATIVE 
   1  alphaP       0.00000e+00   1.00000e+00   2.01358e-01   1.64682e+04
   2  meanP        0.00000e+00   1.00000e+00   2.01358e-01   1.42481e+02
   3  nBkgP        1.24420e+03   6.21850e+02   1.38119e-01  -3.61217e+01
   4  nSigP        1.11978e+04   1.86625e+03   2.05757e-01  -5.93688e+02
   5  sigmaP       9.00000e-01   2.00000e-01   1.61380e-01  -1.17864e+02
                               ERR DEF= 0.5
 MIGRAD MINIMIZATION HAS CONVERGED.
 MIGRAD WILL VERIFY CONVERGENCE AND ERROR MATRIX.
 COVARIANCE MATRIX CALCULATED SUCCESSFULLY
 FCN=-62991.9 FROM MIGRAD    STATUS=CONVERGED     152 CALLS         153 TOTAL
                     EDM=2.65135e-06    STRATEGY= 1      ERROR MATRIX ACCURATE 
  EXT PARAMETER                                   STEP         FIRST   
  NO.   NAME      VALUE            ERROR          SIZE      DERIVATIVE 
   1  alphaP      -2.66945e-02   3.25512e-03   1.05686e-04  -7.70336e-01
   2  meanP       -7.75750e-02   4.66773e-02   1.58887e-03  -3.49002e-03
   3  nBkgP        1.33949e+03   1.12617e+02   3.29875e-03  -3.74906e-02
   4  nSigP        1.19641e+04   1.31991e+02   2.22965e-03   1.13959e-02
   5  sigmaP       1.64092e+00   8.32765e-02   7.05880e-03  -3.71887e-02
                               ERR DEF= 0.5
 EXTERNAL ERROR MATRIX.    NDIM=  25    NPAR=  5    ERR DEF=0.5
  1.060e-05 -1.931e-05 -1.128e-01  2.540e-02 -5.452e-06 
 -1.931e-05  2.179e-03  3.481e-01 -2.356e-01 -5.355e-04 
 -1.128e-01  3.481e-01  1.268e+04 -7.128e+03 -2.171e+00 
  2.540e-02 -2.356e-01 -7.128e+03  1.742e+04  1.545e+00 
 -5.452e-06 -5.355e-04 -2.171e+00  1.545e+00  6.939e-03 
 PARAMETER  CORRELATION COEFFICIENTS  
       NO.  GLOBAL      1      2      3      4      5
        1  0.35704   1.000 -0.127 -0.308  0.059 -0.020
        2  0.19008  -0.127  1.000  0.066 -0.038 -0.138
        3  0.58187  -0.308  0.066  1.000 -0.479 -0.231
        4  0.48907   0.059 -0.038 -0.479  1.000  0.141
        5  0.28502  -0.020 -0.138 -0.231  0.141  1.000
 **********
 **   18 **HESSE        2500
 **********
 COVARIANCE MATRIX CALCULATED SUCCESSFULLY
 FCN=-62991.9 FROM HESSE     STATUS=OK             31 CALLS         184 TOTAL
                     EDM=2.65864e-06    STRATEGY= 1      ERROR MATRIX ACCURATE 
  EXT PARAMETER                                INTERNAL      INTERNAL  
  NO.   NAME      VALUE            ERROR       STEP SIZE       VALUE   
   1  alphaP      -2.66945e-02   3.24319e-03   4.22743e-06  -5.33892e-03
   2  meanP       -7.75750e-02   4.66792e-02   6.35548e-05  -1.55156e-02
   3  nBkgP        1.33949e+03   1.12199e+02   1.31950e-04  -1.02846e+00
   4  nSigP        1.19641e+04   1.31976e+02   8.91861e-05   2.85986e-01
   5  sigmaP       1.64092e+00   8.32823e-02   2.82352e-04  -5.15448e-01
                               ERR DEF= 0.5
 EXTERNAL ERROR MATRIX.    NDIM=  25    NPAR=  5    ERR DEF=0.5
  1.052e-05 -1.906e-05 -1.078e-01  2.195e-02 -6.348e-06 
 -1.906e-05  2.179e-03  3.369e-01 -2.286e-01 -5.391e-04 
 -1.078e-01  3.369e-01  1.259e+04 -7.092e+03 -2.158e+00 
  2.195e-02 -2.286e-01 -7.092e+03  1.742e+04  1.543e+00 
 -6.348e-06 -5.391e-04 -2.158e+00  1.543e+00  6.940e-03 
 PARAMETER  CORRELATION COEFFICIENTS  
       NO.  GLOBAL      1      2      3      4      5
        1  0.34797   1.000 -0.126 -0.296  0.051 -0.023
        2  0.19030  -0.126  1.000  0.064 -0.037 -0.139
        3  0.57762  -0.296  0.064  1.000 -0.479 -0.231
        4  0.48888   0.051 -0.037 -0.479  1.000  0.140
        5  0.28526  -0.023 -0.139 -0.231  0.140  1.000
 **********
 **   23 **HESSE        2500
 **********
 COVARIANCE MATRIX CALCULATED SUCCESSFULLY
 FCN=-62991.9 FROM HESSE     STATUS=OK             31 CALLS         215 TOTAL
                     EDM=2.65892e-06    STRATEGY= 1      ERROR MATRIX ACCURATE 
  EXT PARAMETER                                INTERNAL      INTERNAL  
  NO.   NAME      VALUE            ERROR       STEP SIZE       VALUE   
   1  alphaP      -2.66945e-02   3.24281e-03   8.45486e-07  -5.33892e-03
   2  meanP       -7.75750e-02   4.66791e-02   1.27110e-05  -1.55156e-02
   3  nBkgP        1.33949e+03   1.12185e+02   2.63900e-05  -1.02846e+00
   4  nSigP        1.19641e+04   1.31974e+02   1.78372e-05   2.85986e-01
   5  sigmaP       1.64092e+00   8.32826e-02   5.64704e-05  -5.15448e-01
                               ERR DEF= 0.5
 EXTERNAL ERROR MATRIX.    NDIM=  25    NPAR=  5    ERR DEF=0.5
  1.052e-05 -1.905e-05 -1.076e-01  2.184e-02 -6.378e-06 
 -1.905e-05  2.179e-03  3.365e-01 -2.283e-01 -5.393e-04 
 -1.076e-01  3.365e-01  1.259e+04 -7.091e+03 -2.157e+00 
  2.184e-02 -2.283e-01 -7.091e+03  1.742e+04  1.543e+00 
 -6.378e-06 -5.393e-04 -2.157e+00  1.543e+00  6.940e-03 
 PARAMETER  CORRELATION COEFFICIENTS  
       NO.  GLOBAL      1      2      3      4      5
        1  0.34767   1.000 -0.126 -0.296  0.051 -0.024
        2  0.19030  -0.126  1.000  0.064 -0.037 -0.139
        3  0.57747  -0.296  0.064  1.000 -0.479 -0.231
        4  0.48887   0.051 -0.037 -0.479  1.000  0.140
        5  0.28526  -0.024 -0.139 -0.231  0.140  1.000
 **********
 **   13 **MIGRAD        2500           1
 **********
 FIRST CALL TO USER FUNCTION AT NEW START POINT, WITH IFLAG=4.
 START MIGRAD MINIMIZATION.  STRATEGY  1.  CONVERGENCE WHEN EDM .LT. 1.00e-03
 FCN=-252770 FROM MIGRAD    STATUS=INITIATE       41 CALLS          42 TOTAL
                     EDM= unknown      STRATEGY= 1      NO ERROR MATRIX       
  EXT PARAMETER               CURRENT GUESS       STEP         FIRST   
  NO.   NAME      VALUE            ERROR          SIZE      DERIVATIVE 
   1  alphaF       0.00000e+00   1.00000e+00   0.00000e+00  -6.52135e+04
   2  meanF        0.00000e+00   1.00000e+00   0.00000e+00   1.49142e+03
   3  nBkgF        4.48350e+03   2.24150e+03   0.00000e+00  -9.41730e+03
   4  nSigF        4.03515e+04   6.72520e+03   0.00000e+00  -3.43848e+02
   5  sigmaF       4.92224e+00   1.64092e-01   2.50503e+00  -2.59667e+01
                               ERR DEF= 0.5
 MINUIT WARNING IN MIGRAD  
 ============== Negative diagonal element 5 in Error Matrix
 MINUIT WARNING IN MIGRAD  
 ============== 1.00674 added to diagonal of error matrix
 MIGRAD FAILS TO FIND IMPROVEMENT
 COVARIANCE MATRIX CALCULATED SUCCESSFULLY
 FCN=-258700 FROM HESSE     STATUS=OK             37 CALLS         230 TOTAL
                     EDM=174972    STRATEGY= 1      ERROR MATRIX ACCURATE 
  EXT PARAMETER                                   STEP         FIRST   
  NO.   NAME      VALUE            ERROR          SIZE      DERIVATIVE 
   1  alphaF      -2.38908e-02   4.38502e-04   2.85667e-05  -4.63781e+00
   2  meanF       -3.28159e-01   8.24269e-02   5.55110e-03  -3.58037e+04
   3  nBkgF        3.56608e+04   3.64577e+02   2.90005e-03  -1.16935e+01
   4  nSigF        2.06872e+04   2.51979e+02   2.21422e-03   9.08396e+00
   5  sigmaF       4.92055e+00   3.76041e-05   1.68098e-03  -2.14875e+01
                               ERR DEF= 0.5
 MIGRAD FAILS TO FIND IMPROVEMENT
 MIGRAD TERMINATED WITHOUT CONVERGENCE.
 FCN=-258700 FROM MIGRAD    STATUS=FAILED        240 CALLS         241 TOTAL
                     EDM=174972    STRATEGY= 1      ERR MATRIX APPROXIMATE
  EXT PARAMETER                APPROXIMATE        STEP         FIRST   
  NO.   NAME      VALUE            ERROR          SIZE      DERIVATIVE 
   1  alphaF      -2.38908e-02   4.38502e-04  -0.00000e+00  -4.63781e+00
   2  meanF       -3.28159e-01   8.24269e-02   0.00000e+00  -3.58037e+04
   3  nBkgF        3.56608e+04   3.64577e+02   0.00000e+00  -1.16935e+01
   4  nSigF        2.06872e+04   2.51979e+02  -0.00000e+00   9.08396e+00
   5  sigmaF       4.92055e+00   3.76041e-05   0.00000e+00  -2.14875e+01
                               ERR DEF= 0.5
 EXTERNAL ERROR MATRIX.    NDIM=  25    NPAR=  5    ERR DEF=0.5
  1.923e-07 -1.016e-05 -3.402e-02  1.586e-04  2.078e-13 
 -1.016e-05  6.795e-03  3.277e+00 -1.579e+00  1.773e-10 
 -3.402e-02  3.277e+00  1.329e+05 -5.643e+04  1.615e-06 
  1.586e-04 -1.579e+00 -5.643e+04  6.349e+04 -1.241e-06 
  2.078e-13  1.773e-10  1.615e-06 -1.241e-06  1.414e-09 
ERR MATRIX APPROXIMATE
 PARAMETER  CORRELATION COEFFICIENTS  
       NO.  GLOBAL      1      2      3      4      5
        1  0.37467   1.000 -0.281 -0.213  0.001  0.000
        2  0.29101  -0.281  1.000  0.109 -0.076  0.000
        3  0.64978  -0.213  0.109  1.000 -0.614  0.000
        4  0.62999   0.001 -0.076 -0.614  1.000 -0.000
        5  0.00015   0.000  0.000  0.000 -0.000  1.000
 ERR MATRIX APPROXIMATE
 **********
 **   18 **HESSE        2500
 **********
 COVARIANCE MATRIX CALCULATED SUCCESSFULLY
 FCN=-258700 FROM HESSE     STATUS=OK             49 CALLS         290 TOTAL
                     EDM=29121.3    STRATEGY= 1      ERROR MATRIX ACCURATE 
  EXT PARAMETER                                INTERNAL      INTERNAL  
  NO.   NAME      VALUE            ERROR       STEP SIZE       VALUE   
   1  alphaF      -2.38908e-02   4.37969e-04   1.14267e-06  -4.77818e-03
   2  meanF       -3.28159e-01   8.32072e-02   1.77653e-01  -6.56789e-02
   3  nBkgF        3.56608e+04   3.66793e+02   5.80010e-04   6.05334e-02
   4  nSigF        2.06872e+04   2.53372e+02   4.42843e-04  -3.94990e-01
   5  sigmaF       4.92055e+00   1.11128e-03   4.80345e-02   1.62025e+00
                               ERR DEF= 0.5
 EXTERNAL ERROR MATRIX.    NDIM=  25    NPAR=  5    ERR DEF=0.5
  1.918e-07 -1.010e-05 -3.549e-02  1.255e-03  5.498e-10 
 -1.010e-05  6.924e-03  4.486e+00 -2.484e+00  4.141e-08 
 -3.549e-02  4.486e+00  1.345e+05 -5.753e+04  1.988e-03 
  1.255e-03 -2.484e+00 -5.753e+04  6.420e+04 -1.551e-03 
  5.498e-10  4.141e-08  1.988e-03 -1.551e-03  1.235e-06 
 PARAMETER  CORRELATION COEFFICIENTS  
       NO.  GLOBAL      1      2      3      4      5
        1  0.37187   1.000 -0.277 -0.221  0.011  0.001
        2  0.30048  -0.277  1.000  0.147 -0.118  0.000
        3  0.65511  -0.221  0.147  1.000 -0.619  0.005
        4  0.63522   0.011 -0.118 -0.619  1.000 -0.006
        5  0.00608   0.001  0.000  0.005 -0.006  1.000
 **********
 **   23 **HESSE        2500
 **********
 MINUIT WARNING IN HESSE   
 ============== Negative diagonal element 5 in Error Matrix
 MINUIT WARNING IN HESSE   
 ============== 431.792 added to diagonal of error matrix
 EIGENVALUES OF SECOND-DERIVATIVE MATRIX:
        -3.0504e-03  6.3145e-01  1.1029e+00  1.4926e+00  1.7761e+00
 MINUIT WARNING IN HESSE   
 ============== MATRIX FORCED POS-DEF BY ADDING 0.004826 TO DIAGONAL.
 FCN=-258700 FROM HESSE     STATUS=NOT POSDEF     47 CALLS         337 TOTAL
                     EDM=1.85429e+09    STRATEGY= 1      ERR MATRIX NOT POS-DEF
  EXT PARAMETER                APPROXIMATE     INTERNAL      INTERNAL  
  NO.   NAME      VALUE            ERROR       STEP SIZE       VALUE   
   1  alphaF      -2.38908e-02   1.21797e-03   2.28534e-07  -4.77818e-03
   2  meanF       -3.28159e-01   1.00606e-01   1.77653e-01  -6.56789e-02
   3  nBkgF        3.56608e+04   3.60213e+03   1.16002e-04   6.05334e-02
   4  nSigF        2.06872e+04   2.85192e+03   8.85687e-05  -3.94990e-01
   5  sigmaF       4.92055e+00   1.82546e+00   2.11988e-01   1.62025e+00
                               ERR DEF= 0.5
 EXTERNAL ERROR MATRIX.    NDIM=  25    NPAR=  5    ERR DEF=0.5
  1.483e-06  6.298e-05  4.054e+00 -3.238e+00  1.303e-03 
  6.298e-05  1.012e-02  2.304e+02 -1.817e+02  7.229e-02 
  4.054e+00  2.304e+02  1.303e+07 -1.027e+07  4.113e+03 
 -3.238e+00 -1.817e+02 -1.027e+07  8.156e+06 -3.258e+03 
  1.303e-03  7.229e-02  4.113e+03 -3.258e+03  1.311e+00 
ERR MATRIX NOT POS-DEF
 PARAMETER  CORRELATION COEFFICIENTS  
       NO.  GLOBAL      1      2      3      4      5
        1  0.94293   1.000  0.514  0.922 -0.931  0.934
        2  0.66464   0.514  1.000  0.635 -0.632  0.627
        3  0.99715   0.922  0.635  1.000 -0.997  0.995
        4  0.99770  -0.931 -0.632 -0.997  1.000 -0.996
        5  0.99697   0.934  0.627  0.995 -0.996  1.000
 ERR MATRIX NOT POS-DEF

RooWorkspace(w) w contents

variables
---------
(alphaF,alphaP,eff,meanF,meanP,nBkgF,nBkgP,nSigF,nSigP,sigmaF,sigmaP,x)

p.d.f.s
-------
RooExponential::bkgFail[ x=x c=alphaF ] = 1
RooExponential::bkgPass[ x=x c=alphaP ] = 1
RooAddPdf::pdfFail[ nSigF * sigFail + nBkgF * bkgFail ] = 8.82159
RooAddPdf::pdfPass[ nSigP * sigPass + nBkgP * bkgPass ] = 9.93323
RooFFTConvPdf::sigFail[ sigPhysFail(x) (*) sigResFail(x) ] = 0.056521
RooFFTConvPdf::sigPass[ sigPhysPass(x) (*) sigResPass(x) ] = 0.063895
RooHistPdf::sigPhysFail[ pdfObs=(x) ] = 219.473
RooHistPdf::sigPhysPass[ pdfObs=(x) ] = 257.537
RooGaussian::sigResFail[ x=x mean=meanF sigma=sigmaF ] = 0
RooGaussian::sigResPass[ x=x mean=meanP sigma=sigmaP ] = 0

datasets
--------
RooDataHist::hPass(x)
RooDataHist::hFail(x)
RooDataHist::hGenZPass(x)
RooDataHist::hGenZFail(x)

embedded precalculated expensive components
-------------------------------------------
uid = 0 key=sigFail_sigPhysFail_CONV_sigResFail_CACHEHIST_Obs[x]_BufFrac0.1_BufStrat0 value=RooDataHist::sigFail_sigPhysFail_CONV_sigResFail_CACHEHIST_Obs[x]_BufFrac0.1_BufStrat0 parameters=( meanF=-0 sigmaF=0.9 )
uid = 1 key=sigPass_sigPhysPass_CONV_sigResPass_CACHEHIST_Obs[x]_BufFrac0.1_BufStrat0 value=RooDataHist::sigPass_sigPhysPass_CONV_sigResPass_CACHEHIST_Obs[x]_BufFrac0.1_BufStrat0 parameters=( meanP=-0 sigmaP=0.9 )
 title :  -  -2.000 < #eta_{SC} < -1.566 -  15.000 < probe_Pho_et < 20.000
 **********
 **   13 **MIGRAD        2500           1
 **********
 FIRST CALL TO USER FUNCTION AT NEW START POINT, WITH IFLAG=4.
 START MIGRAD MINIMIZATION.  STRATEGY  1.  CONVERGENCE WHEN EDM .LT. 1.00e-03
 FCN=-69530 FROM MIGRAD    STATUS=INITIATE       20 CALLS          21 TOTAL
                     EDM= unknown      STRATEGY= 1      NO ERROR MATRIX       
  EXT PARAMETER               CURRENT GUESS       STEP         FIRST   
  NO.   NAME      VALUE            ERROR          SIZE      DERIVATIVE 
   1  alphaP       0.00000e+00   1.00000e+00   2.01358e-01   2.57126e+04
   2  meanP        0.00000e+00   1.00000e+00   2.01358e-01   1.80162e+02
   3  nBkgP        1.36430e+03   6.81900e+02   1.38121e-01   1.78720e+02
   4  nSigP        1.22787e+04   2.04640e+03   2.05758e-01  -7.86719e+02
   5  sigmaP       9.00000e-01   2.00000e-01   1.61380e-01  -3.93704e+01
                               ERR DEF= 0.5
 MIGRAD MINIMIZATION HAS CONVERGED.
 MIGRAD WILL VERIFY CONVERGENCE AND ERROR MATRIX.
 COVARIANCE MATRIX CALCULATED SUCCESSFULLY
 FCN=-69677.3 FROM MIGRAD    STATUS=CONVERGED     146 CALLS         147 TOTAL
                     EDM=4.80331e-06    STRATEGY= 1      ERROR MATRIX ACCURATE 
  EXT PARAMETER                                   STEP         FIRST   
  NO.   NAME      VALUE            ERROR          SIZE      DERIVATIVE 
   1  alphaP      -4.35464e-02   4.05827e-03   1.38019e-04  -2.33624e+00
   2  meanP       -7.46758e-02   5.23648e-02   1.84489e-03   3.98161e-02
   3  nBkgP        1.50887e+03   1.24663e+02   3.55761e-03  -6.20871e-02
   4  nSigP        1.33236e+04   1.39504e+02   2.27496e-03  -1.91804e-02
   5  sigmaP       1.50368e+00   1.10736e-01   9.93979e-03  -2.23502e-02
                               ERR DEF= 0.5
 EXTERNAL ERROR MATRIX.    NDIM=  25    NPAR=  5    ERR DEF=0.5
  1.647e-05 -1.957e-05 -8.835e-02 -6.558e-02 -7.605e-05 
 -1.957e-05  2.742e-03  8.890e-01 -5.012e-01 -1.240e-03 
 -8.835e-02  8.890e-01  1.554e+04 -7.772e+03 -3.454e+00 
 -6.558e-02 -5.012e-01 -7.772e+03  1.946e+04  2.590e+00 
 -7.605e-05 -1.240e-03 -3.454e+00  2.590e+00  1.228e-02 
 PARAMETER  CORRELATION COEFFICIENTS  
       NO.  GLOBAL      1      2      3      4      5
        1  0.36388   1.000 -0.092 -0.175 -0.116 -0.169
        2  0.25760  -0.092  1.000  0.136 -0.069 -0.214
        3  0.54694  -0.175  0.136  1.000 -0.447 -0.250
        4  0.48888  -0.116 -0.069 -0.447  1.000  0.168
        5  0.38490  -0.169 -0.214 -0.250  0.168  1.000
 **********
 **   18 **HESSE        2500
 **********
 COVARIANCE MATRIX CALCULATED SUCCESSFULLY
 FCN=-69677.3 FROM HESSE     STATUS=OK             31 CALLS         178 TOTAL
                     EDM=4.83836e-06    STRATEGY= 1      ERROR MATRIX ACCURATE 
  EXT PARAMETER                                INTERNAL      INTERNAL  
  NO.   NAME      VALUE            ERROR       STEP SIZE       VALUE   
   1  alphaP      -4.35464e-02   4.05057e-03   5.52074e-06  -8.70939e-03
   2  meanP       -7.46758e-02   5.23617e-02   3.68979e-04  -1.49357e-02
   3  nBkgP        1.50887e+03   1.24358e+02   1.42304e-04  -1.02091e+00
   4  nSigP        1.33236e+04   1.39681e+02   9.09985e-05   3.06894e-01
   5  sigmaP       1.50368e+00   1.10834e-01   3.97592e-04  -5.87066e-01
                               ERR DEF= 0.5
 EXTERNAL ERROR MATRIX.    NDIM=  25    NPAR=  5    ERR DEF=0.5
  1.641e-05 -1.880e-05 -8.074e-02 -7.019e-02 -7.818e-05 
 -1.880e-05  2.742e-03  8.759e-01 -4.989e-01 -1.248e-03 
 -8.074e-02  8.759e-01  1.547e+04 -7.788e+03 -3.466e+00 
 -7.019e-02 -4.989e-01 -7.788e+03  1.951e+04  2.619e+00 
 -7.818e-05 -1.248e-03 -3.466e+00  2.619e+00  1.230e-02 
 PARAMETER  CORRELATION COEFFICIENTS  
       NO.  GLOBAL      1      2      3      4      5
        1  0.35928   1.000 -0.089 -0.160 -0.124 -0.174
        2  0.25739  -0.089  1.000  0.135 -0.068 -0.215
        3  0.54380  -0.160  0.135  1.000 -0.448 -0.251
        4  0.49085  -0.124 -0.068 -0.448  1.000  0.169
        5  0.38683  -0.174 -0.215 -0.251  0.169  1.000
 **********
 **   23 **HESSE        2500
 **********
 COVARIANCE MATRIX CALCULATED SUCCESSFULLY
 FCN=-69677.3 FROM HESSE     STATUS=OK             31 CALLS         209 TOTAL
                     EDM=4.83981e-06    STRATEGY= 1      ERROR MATRIX ACCURATE 
  EXT PARAMETER                                INTERNAL      INTERNAL  
  NO.   NAME      VALUE            ERROR       STEP SIZE       VALUE   
   1  alphaP      -4.35464e-02   4.05036e-03   1.10415e-06  -8.70939e-03
   2  meanP       -7.46758e-02   5.23636e-02   7.37957e-05  -1.49357e-02
   3  nBkgP        1.50887e+03   1.24350e+02   2.84609e-05  -1.02091e+00
   4  nSigP        1.33236e+04   1.39688e+02   1.81997e-05   3.06894e-01
   5  sigmaP       1.50368e+00   1.10841e-01   7.95183e-05  -5.87066e-01
                               ERR DEF= 0.5
 EXTERNAL ERROR MATRIX.    NDIM=  25    NPAR=  5    ERR DEF=0.5
  1.641e-05 -1.877e-05 -8.049e-02 -7.034e-02 -7.824e-05 
 -1.877e-05  2.742e-03  8.756e-01 -4.988e-01 -1.249e-03 
 -8.049e-02  8.756e-01  1.547e+04 -7.789e+03 -3.467e+00 
 -7.034e-02 -4.988e-01 -7.789e+03  1.951e+04  2.620e+00 
 -7.824e-05 -1.249e-03 -3.467e+00  2.620e+00  1.230e-02 
 PARAMETER  CORRELATION COEFFICIENTS  
       NO.  GLOBAL      1      2      3      4      5
        1  0.35914   1.000 -0.089 -0.160 -0.124 -0.174
        2  0.25752  -0.089  1.000  0.134 -0.068 -0.215
        3  0.54371  -0.160  0.134  1.000 -0.448 -0.251
        4  0.49092  -0.124 -0.068 -0.448  1.000  0.169
        5  0.38698  -0.174 -0.215 -0.251  0.169  1.000
 **********
 **   13 **MIGRAD        2500           1
 **********
 FIRST CALL TO USER FUNCTION AT NEW START POINT, WITH IFLAG=4.
 START MIGRAD MINIMIZATION.  STRATEGY  1.  CONVERGENCE WHEN EDM .LT. 1.00e-03
 FCN=-269381 FROM MIGRAD    STATUS=INITIATE       44 CALLS          45 TOTAL
                     EDM= unknown      STRATEGY= 1      NO ERROR MATRIX       
  EXT PARAMETER               CURRENT GUESS       STEP         FIRST   
  NO.   NAME      VALUE            ERROR          SIZE      DERIVATIVE 
   1  alphaF       0.00000e+00   1.00000e+00   0.00000e+00  -1.09472e+05
   2  meanF        0.00000e+00   1.00000e+00   0.00000e+00   1.89321e+03
   3  nBkgF        4.73410e+03   2.36680e+03   0.00000e+00  -1.07097e+04
   4  nSigF        4.26069e+04   7.10110e+03   0.00000e+00  -3.53455e+02
   5  sigmaF       4.51045e+00   1.50368e-01   2.55559e+00   2.97122e+01
                               ERR DEF= 0.5
 MINUIT WARNING IN MIGRAD  
 ============== Negative diagonal element 1 in Error Matrix
 MINUIT WARNING IN MIGRAD  
 ============== Negative diagonal element 5 in Error Matrix
 MINUIT WARNING IN MIGRAD  
 ============== 1.27341 added to diagonal of error matrix
 MIGRAD FAILS TO FIND IMPROVEMENT
 COVARIANCE MATRIX CALCULATED SUCCESSFULLY
 FCN=-276127 FROM HESSE     STATUS=OK             31 CALLS         237 TOTAL
                     EDM=123.044    STRATEGY= 1      ERROR MATRIX ACCURATE 
  EXT PARAMETER                                   STEP         FIRST   
  NO.   NAME      VALUE            ERROR          SIZE      DERIVATIVE 
   1  alphaF      -3.01184e-02   4.16809e-04   2.76140e-05  -1.39542e+05
   2  meanF       -5.62054e-01   9.23130e-02   6.27424e-03  -3.39754e+02
   3  nBkgF        4.10182e+04   4.07219e+02   3.03030e-03  -4.65405e+02
   4  nSigF        2.00154e+04   2.74707e+02   2.27344e-03   7.69488e+01
   5  sigmaF       2.87898e+00   1.37159e-01   2.29130e-02   7.01300e+01
                               ERR DEF= 0.5
 MIGRAD FAILS TO FIND IMPROVEMENT
 MIGRAD TERMINATED WITHOUT CONVERGENCE.
 FCN=-276237 FROM MIGRAD    STATUS=FAILED        298 CALLS         299 TOTAL
                     EDM=5.39878    STRATEGY= 1  ERROR MATRIX UNCERTAINTY  58.6 per cent
  EXT PARAMETER                APPROXIMATE        STEP         FIRST   
  NO.   NAME      VALUE            ERROR          SIZE      DERIVATIVE 
   1  alphaF      -2.65151e-02   3.92229e-04  -0.00000e+00   6.23131e+02
   2  meanF       -2.44463e-01   7.18289e-02   0.00000e+00  -6.26510e+01
   3  nBkgF        4.34466e+04   3.77710e+02  -0.00000e+00   9.61482e+00
   4  nSigF        1.81510e+04   2.49789e+02   0.00000e+00   4.18272e-01
   5  sigmaF       1.64370e+00   4.55082e-02   0.00000e+00  -3.68741e+01
                               ERR DEF= 0.5
 EXTERNAL ERROR MATRIX.    NDIM=  25    NPAR=  5    ERR DEF=0.5
  1.538e-07 -5.219e-06 -3.953e-02  1.835e-04  1.196e-06 
 -5.219e-06  5.160e-03  5.290e+00 -3.032e+00 -1.681e-03 
 -3.953e-02  5.290e+00  1.427e+05 -5.633e+04 -2.996e+00 
  1.835e-04 -3.032e+00 -5.633e+04  6.240e+04  2.075e+00 
  1.196e-06 -1.681e-03 -2.996e+00  2.075e+00  2.072e-03 
ERR MATRIX APPROXIMATE
 PARAMETER  CORRELATION COEFFICIENTS  
       NO.  GLOBAL      1      2      3      4      5
        1  0.36527   1.000 -0.185 -0.267  0.002  0.067
        2  0.54223  -0.185  1.000  0.195 -0.169 -0.514
        3  0.65574  -0.267  0.195  1.000 -0.597 -0.174
        4  0.62585   0.002 -0.169 -0.597  1.000  0.182
        5  0.52480   0.067 -0.514 -0.174  0.182  1.000
 ERR MATRIX APPROXIMATE
 **********
 **   18 **HESSE        2500
 **********
 COVARIANCE MATRIX CALCULATED SUCCESSFULLY
 FCN=-276237 FROM HESSE     STATUS=OK             35 CALLS         334 TOTAL
                     EDM=0.0119101    STRATEGY= 1      ERROR MATRIX ACCURATE 
  EXT PARAMETER                                INTERNAL      INTERNAL  
  NO.   NAME      VALUE            ERROR       STEP SIZE       VALUE   
   1  alphaF      -2.65151e-02   3.77420e-04   2.60062e-05  -5.30305e-03
   2  meanF       -2.44463e-01   2.93648e-02   5.07168e-03  -4.89121e-02
   3  nBkgF        4.34466e+04   3.79382e+02   3.08455e-03   2.25552e-01
   4  nSigF        1.81510e+04   2.40312e+02   2.25772e-03  -5.10712e-01
   5  sigmaF       1.64370e+00   1.05678e-02   7.29858e-03  -8.23496e-01
                               ERR DEF= 0.5
 EXTERNAL ERROR MATRIX.    NDIM=  25    NPAR=  5    ERR DEF=0.5
  1.424e-07 -1.059e-06 -3.661e-02  1.770e-03 -1.694e-08 
 -1.059e-06  8.623e-04  4.484e-01 -1.952e-01 -7.006e-07 
 -3.661e-02  4.484e-01  1.439e+05 -5.308e+04 -9.261e-02 
  1.770e-03 -1.952e-01 -5.308e+04  5.775e+04  6.836e-02 
 -1.694e-08 -7.006e-07 -9.261e-02  6.836e-02  1.117e-04 
 PARAMETER  CORRELATION COEFFICIENTS  
       NO.  GLOBAL      1      2      3      4      5
        1  0.31333   1.000 -0.096 -0.256  0.020 -0.004
        2  0.09899  -0.096  1.000  0.040 -0.028 -0.002
        3  0.63145  -0.256  0.040  1.000 -0.582 -0.023
        4  0.59769   0.020 -0.028 -0.582  1.000  0.027
        5  0.02956  -0.004 -0.002 -0.023  0.027  1.000
 **********
 **   23 **HESSE        2500
 **********
 COVARIANCE MATRIX CALCULATED SUCCESSFULLY
 FCN=-276237 FROM HESSE     STATUS=OK             43 CALLS         377 TOTAL
                     EDM=35.6022    STRATEGY= 1      ERROR MATRIX ACCURATE 
  EXT PARAMETER                                INTERNAL      INTERNAL  
  NO.   NAME      VALUE            ERROR       STEP SIZE       VALUE   
   1  alphaF      -2.65151e-02   3.86293e-04   5.20123e-06  -5.30305e-03
   2  meanF       -2.44463e-01   7.21081e-02   1.41232e-01  -4.89121e-02
   3  nBkgF        4.34466e+04   4.07626e+02   6.16909e-04   2.25552e-01
   4  nSigF        1.81510e+04   2.63049e+02   4.51543e-04  -5.10712e-01
   5  sigmaF       1.64370e+00   1.33529e-01   4.16028e-01  -8.23496e-01
                               ERR DEF= 0.5
 EXTERNAL ERROR MATRIX.    NDIM=  25    NPAR=  5    ERR DEF=0.5
  1.492e-07 -6.183e-06 -3.736e-02  1.515e-03 -2.981e-06 
 -6.183e-06  5.200e-03  4.236e+00 -2.342e+00 -5.263e-04 
 -3.736e-02  4.236e+00  1.662e+05 -6.899e+04 -1.875e+01 
  1.515e-03 -2.342e+00 -6.899e+04  6.920e+04  1.382e+01 
 -2.981e-06 -5.263e-04 -1.875e+01  1.382e+01  1.791e-02 
 PARAMETER  CORRELATION COEFFICIENTS  
       NO.  GLOBAL      1      2      3      4      5
        1  0.37300   1.000 -0.222 -0.237  0.015 -0.058
        2  0.25388  -0.222  1.000  0.144 -0.123 -0.055
        3  0.69222  -0.237  0.144  1.000 -0.643 -0.344
        4  0.68085   0.015 -0.123 -0.643  1.000  0.393
        5  0.42345  -0.058 -0.055 -0.344  0.393  1.000

RooWorkspace(w) w contents

variables
---------
(alphaF,alphaP,eff,meanF,meanP,nBkgF,nBkgP,nSigF,nSigP,sigmaF,sigmaP,x)

p.d.f.s
-------
RooExponential::bkgFail[ x=x c=alphaF ] = 1
RooExponential::bkgPass[ x=x c=alphaP ] = 1
RooAddPdf::pdfFail[ nSigF * sigFail + nBkgF * bkgFail ] = 2.77687
RooAddPdf::pdfPass[ nSigP * sigPass + nBkgP * bkgPass ] = 6.63928
RooFFTConvPdf::sigFail[ sigPhysFail(x) (*) sigResFail(x) ] = 0.0176879
RooFFTConvPdf::sigPass[ sigPhysPass(x) (*) sigResPass(x) ] = 0.0431566
RooHistPdf::sigPhysFail[ pdfObs=(x) ] = 34.0018
RooHistPdf::sigPhysPass[ pdfObs=(x) ] = 31.5969
RooGaussian::sigResFail[ x=x mean=meanF sigma=sigmaF ] = 0
RooGaussian::sigResPass[ x=x mean=meanP sigma=sigmaP ] = 0

datasets
--------
RooDataHist::hPass(x)
RooDataHist::hFail(x)
RooDataHist::hGenZPass(x)
RooDataHist::hGenZFail(x)

embedded precalculated expensive components
-------------------------------------------
uid = 0 key=sigFail_sigPhysFail_CONV_sigResFail_CACHEHIST_Obs[x]_BufFrac0.1_BufStrat0 value=RooDataHist::sigFail_sigPhysFail_CONV_sigResFail_CACHEHIST_Obs[x]_BufFrac0.1_BufStrat0 parameters=( meanF=-0 sigmaF=0.9 )
uid = 1 key=sigPass_sigPhysPass_CONV_sigResPass_CACHEHIST_Obs[x]_BufFrac0.1_BufStrat0 value=RooDataHist::sigPass_sigPhysPass_CONV_sigResPass_CACHEHIST_Obs[x]_BufFrac0.1_BufStrat0 parameters=( meanP=-0 sigmaP=0.9 )
 title :  -  -1.566 < #eta_{SC} < -1.444 -  15.000 < probe_Pho_et < 20.000
 **********
 **   13 **MIGRAD        2500           1
 **********
 FIRST CALL TO USER FUNCTION AT NEW START POINT, WITH IFLAG=4.
 START MIGRAD MINIMIZATION.  STRATEGY  1.  CONVERGENCE WHEN EDM .LT. 1.00e-03
 FCN=-11591.9 FROM MIGRAD    STATUS=INITIATE       42 CALLS          43 TOTAL
                     EDM= unknown      STRATEGY= 1      NO ERROR MATRIX       
  EXT PARAMETER               CURRENT GUESS       STEP         FIRST   
  NO.   NAME      VALUE            ERROR          SIZE      DERIVATIVE 
   1  alphaP       0.00000e+00   1.00000e+00   0.00000e+00   6.57848e+03
   2  meanP       -1.55949e+00   1.00000e+00  -3.17189e-01   9.75924e+00
   3  nBkgP        3.27800e+02   1.63650e+02   0.00000e+00   8.59577e+01
   4  nSigP        2.95020e+03   4.91650e+02   0.00000e+00  -2.51900e+02
   5  sigmaP       9.00000e-01   2.00000e-01   0.00000e+00  -6.16992e+01
                               ERR DEF= 0.5
 MIGRAD MINIMIZATION HAS CONVERGED.
 MIGRAD WILL VERIFY CONVERGENCE AND ERROR MATRIX.
 COVARIANCE MATRIX CALCULATED SUCCESSFULLY
 FCN=-11653.4 FROM MIGRAD    STATUS=CONVERGED     169 CALLS         170 TOTAL
                     EDM=2.50924e-06    STRATEGY= 1      ERROR MATRIX ACCURATE 
  EXT PARAMETER                                   STEP         FIRST   
  NO.   NAME      VALUE            ERROR          SIZE      DERIVATIVE 
   1  alphaP      -3.10627e-02   1.26401e-02   1.07493e-04   9.81312e-01
   2  meanP       -1.43289e+00   1.51672e-01   2.25488e-03   1.02841e-02
   3  nBkgP        2.11569e+02   9.02450e+01   3.35834e-03   2.49493e-02
   4  nSigP        3.36364e+03   8.14369e+01   1.99839e-03   2.62184e-02
   5  sigmaP       1.89568e+00   1.97368e-01   6.63680e-03   1.33216e-03
                               ERR DEF= 0.5
 EXTERNAL ERROR MATRIX.    NDIM=  25    NPAR=  5    ERR DEF=0.5
  1.598e-04 -5.412e-04 -9.272e-01  5.269e-01  5.282e-04 
 -5.412e-04  2.301e-02  3.076e+00 -2.117e+00 -3.945e-03 
 -9.272e-01  3.076e+00  8.167e+03 -4.837e+03 -5.801e+00 
  5.269e-01 -2.117e+00 -4.837e+03  6.635e+03  3.599e+00 
  5.282e-04 -3.945e-03 -5.801e+00  3.599e+00  3.907e-02 
 PARAMETER  CORRELATION COEFFICIENTS  
       NO.  GLOBAL      1      2      3      4      5
        1  0.82115   1.000 -0.282 -0.812  0.512  0.211
        2  0.29577  -0.282  1.000  0.224 -0.171 -0.132
        3  0.86766  -0.812  0.224  1.000 -0.657 -0.325
        4  0.65899   0.512 -0.171 -0.657  1.000  0.224
        5  0.34561   0.211 -0.132 -0.325  0.224  1.000
 **********
 **   18 **HESSE        2500
 **********
 COVARIANCE MATRIX CALCULATED SUCCESSFULLY
 FCN=-11653.4 FROM HESSE     STATUS=OK             31 CALLS         201 TOTAL
                     EDM=2.47397e-06    STRATEGY= 1      ERROR MATRIX ACCURATE 
  EXT PARAMETER                                INTERNAL      INTERNAL  
  NO.   NAME      VALUE            ERROR       STEP SIZE       VALUE   
   1  alphaP      -3.10627e-02   1.21498e-02   4.29973e-06  -6.21258e-03
   2  meanP       -1.43289e+00   1.51176e-01   4.50975e-04  -2.90652e-01
   3  nBkgP        2.11569e+02   8.67479e+01   1.34334e-04  -1.15338e+00
   4  nSigP        3.36364e+03   8.00532e+01   7.99357e-05   3.76968e-01
   5  sigmaP       1.89568e+00   1.96751e-01   2.65472e-04  -3.89468e-01
                               ERR DEF= 0.5
 EXTERNAL ERROR MATRIX.    NDIM=  25    NPAR=  5    ERR DEF=0.5
  1.476e-04 -4.985e-04 -8.381e-01  4.729e-01  4.685e-04 
 -4.985e-04  2.286e-02  2.760e+00 -1.926e+00 -3.731e-03 
 -8.381e-01  2.760e+00  7.544e+03 -4.464e+03 -5.403e+00 
  4.729e-01 -1.926e+00 -4.464e+03  6.411e+03  3.362e+00 
  4.685e-04 -3.731e-03 -5.403e+00  3.362e+00  3.883e-02 
 PARAMETER  CORRELATION COEFFICIENTS  
       NO.  GLOBAL      1      2      3      4      5
        1  0.80466   1.000 -0.271 -0.794  0.486  0.196
        2  0.28545  -0.271  1.000  0.210 -0.159 -0.125
        3  0.85583  -0.794  0.210  1.000 -0.642 -0.316
        4  0.64385   0.486 -0.159 -0.642  1.000  0.213
        5  0.33749   0.196 -0.125 -0.316  0.213  1.000
 **********
 **   23 **HESSE        2500
 **********
 COVARIANCE MATRIX CALCULATED SUCCESSFULLY
 FCN=-11653.4 FROM HESSE     STATUS=OK             31 CALLS         232 TOTAL
                     EDM=2.47302e-06    STRATEGY= 1      ERROR MATRIX ACCURATE 
  EXT PARAMETER                                INTERNAL      INTERNAL  
  NO.   NAME      VALUE            ERROR       STEP SIZE       VALUE   
   1  alphaP      -3.10627e-02   1.21351e-02   8.59945e-07  -6.21258e-03
   2  meanP       -1.43289e+00   1.51163e-01   9.01950e-05  -2.90652e-01
   3  nBkgP        2.11569e+02   8.66426e+01   2.68668e-05  -1.15338e+00
   4  nSigP        3.36364e+03   8.00123e+01   1.59871e-05   3.76968e-01
   5  sigmaP       1.89568e+00   1.96737e-01   5.30944e-05  -3.89468e-01
                               ERR DEF= 0.5
 EXTERNAL ERROR MATRIX.    NDIM=  25    NPAR=  5    ERR DEF=0.5
  1.473e-04 -4.972e-04 -8.355e-01  4.713e-01  4.668e-04 
 -4.972e-04  2.286e-02  2.750e+00 -1.920e+00 -3.728e-03 
 -8.355e-01  2.750e+00  7.526e+03 -4.453e+03 -5.392e+00 
  4.713e-01 -1.920e+00 -4.453e+03  6.405e+03  3.356e+00 
  4.668e-04 -3.728e-03 -5.392e+00  3.356e+00  3.882e-02 
 PARAMETER  CORRELATION COEFFICIENTS  
       NO.  GLOBAL      1      2      3      4      5
        1  0.80412   1.000 -0.271 -0.794  0.485  0.195
        2  0.28517  -0.271  1.000  0.210 -0.159 -0.125
        3  0.85544  -0.794  0.210  1.000 -0.641 -0.315
        4  0.64338   0.485 -0.159 -0.641  1.000  0.213
        5  0.33727   0.195 -0.125 -0.315  0.213  1.000
 **********
 **   13 **MIGRAD        2500           1
 **********
 FIRST CALL TO USER FUNCTION AT NEW START POINT, WITH IFLAG=4.
 START MIGRAD MINIMIZATION.  STRATEGY  1.  CONVERGENCE WHEN EDM .LT. 1.00e-03
 FCN=-47895.7 FROM MIGRAD    STATUS=INITIATE       36 CALLS          37 TOTAL
                     EDM= unknown      STRATEGY= 1      NO ERROR MATRIX       
  EXT PARAMETER               CURRENT GUESS       STEP         FIRST   
  NO.   NAME      VALUE            ERROR          SIZE      DERIVATIVE 
   1  alphaF       0.00000e+00   1.00000e+00   0.00000e+00  -2.38117e+04
   2  meanF        0.00000e+00   1.00000e+00   0.00000e+00  -2.31922e+01
   3  nBkgF        1.08010e+03   5.39800e+02   0.00000e+00  -1.33699e+03
   4  nSigF        9.72090e+03   1.62010e+03   0.00000e+00  -1.07656e+03
   5  sigmaF       5.68439e+00   1.89568e-01   2.57956e+00   9.03256e-01
                               ERR DEF= 0.5
 MIGRAD MINIMIZATION HAS CONVERGED.
 MIGRAD WILL VERIFY CONVERGENCE AND ERROR MATRIX.
 COVARIANCE MATRIX CALCULATED SUCCESSFULLY
 FCN=-48212.8 FROM MIGRAD    STATUS=CONVERGED     266 CALLS         267 TOTAL
                     EDM=2.59122e-06    STRATEGY= 1      ERROR MATRIX ACCURATE 
  EXT PARAMETER                                   STEP         FIRST   
  NO.   NAME      VALUE            ERROR          SIZE      DERIVATIVE 
   1  alphaF      -2.78020e-02   2.33484e-03   2.94946e-05   4.72689e+00
   2  meanF       -1.01449e+00   3.49135e-01   7.98510e-03   5.33911e-03
   3  nBkgF        6.56078e+03   4.97844e+02   2.65505e-03   8.23901e-02
   4  nSigF        7.46275e+03   3.75059e+02   2.22110e-03   7.43216e-02
   5  sigmaF       2.36117e+00   4.46479e-01   3.56888e-02   1.77261e-03
                               ERR DEF= 0.5
 EXTERNAL ERROR MATRIX.    NDIM=  25    NPAR=  5    ERR DEF=0.5
  5.451e-06 -4.114e-04 -1.031e+00  7.489e-01  2.311e-04 
 -4.114e-04  1.221e-01  6.728e+01 -6.413e+01 -6.647e-02 
 -1.031e+00  6.728e+01  2.482e+05 -1.754e+05 -6.301e+01 
  7.489e-01 -6.413e+01 -1.754e+05  1.408e+05  5.646e+01 
  2.311e-04 -6.647e-02 -6.301e+01  5.646e+01  2.042e-01 
 PARAMETER  CORRELATION COEFFICIENTS  
       NO.  GLOBAL      1      2      3      4      5
        1  0.90917   1.000 -0.504 -0.887  0.855  0.219
        2  0.67461  -0.504  1.000  0.386 -0.489 -0.421
        3  0.96012  -0.887  0.386  1.000 -0.939 -0.280
        4  0.94899   0.855 -0.489 -0.939  1.000  0.333
        5  0.49139   0.219 -0.421 -0.280  0.333  1.000
 **********
 **   18 **HESSE        2500
 **********
 COVARIANCE MATRIX CALCULATED SUCCESSFULLY
 FCN=-48212.8 FROM HESSE     STATUS=OK             31 CALLS         298 TOTAL
                     EDM=2.58285e-06    STRATEGY= 1      ERROR MATRIX ACCURATE 
  EXT PARAMETER                                INTERNAL      INTERNAL  
  NO.   NAME      VALUE            ERROR       STEP SIZE       VALUE   
   1  alphaF      -2.78020e-02   2.33301e-03   5.89892e-06  -5.56044e-03
   2  meanF       -1.01449e+00   3.46876e-01   3.19404e-04  -2.04317e-01
   3  nBkgF        6.56078e+03   4.99380e+02   5.31010e-04  -1.91303e-01
   4  nSigF        7.46275e+03   3.75761e+02   8.88439e-05  -7.88732e-02
   5  sigmaF       2.36117e+00   4.44576e-01   1.42755e-03  -6.37205e-01
                               ERR DEF= 0.5
 EXTERNAL ERROR MATRIX.    NDIM=  25    NPAR=  5    ERR DEF=0.5
  5.443e-06 -4.042e-04 -1.034e+00  7.498e-01  2.293e-04 
 -4.042e-04  1.205e-01  6.577e+01 -6.281e+01 -6.461e-02 
 -1.034e+00  6.577e+01  2.497e+05 -1.764e+05 -6.260e+01 
  7.498e-01 -6.281e+01 -1.764e+05  1.413e+05  5.581e+01 
  2.293e-04 -6.461e-02 -6.260e+01  5.581e+01  2.025e-01 
 PARAMETER  CORRELATION COEFFICIENTS  
       NO.  GLOBAL      1      2      3      4      5
        1  0.90902   1.000 -0.499 -0.887  0.855  0.218
        2  0.66931  -0.499  1.000  0.379 -0.481 -0.414
        3  0.96037  -0.887  0.379  1.000 -0.939 -0.278
        4  0.94919   0.855 -0.481 -0.939  1.000  0.330
        5  0.48471   0.218 -0.414 -0.278  0.330  1.000
 **********
 **   23 **HESSE        2500
 **********
 COVARIANCE MATRIX CALCULATED SUCCESSFULLY
 FCN=-48212.8 FROM HESSE     STATUS=OK             31 CALLS         329 TOTAL
                     EDM=2.58233e-06    STRATEGY= 1      ERROR MATRIX ACCURATE 
  EXT PARAMETER                                INTERNAL      INTERNAL  
