===> settings etc/config/settings_pho.py <===
import etc.config.settings_pho as tnpConf
[?1034h
[1mRooFit v3.60 -- Developed by Wouter Verkerke and David Kirkby[0m 
                Copyright (C) 2000-2013 NIKHEF, University of California & Stanford University
                All rights reserved, please read http://roofit.sourceforge.net/license.txt

===>  Output directory: 
results/Moriond17/tnpPhoID_Winter17MC//passingMedium80X/
**** name: DY_madgraph_Winter17                                                                                 
  path    :  ['eos/cms/store/group/phys_egamma/tnp/80X/PhoEleIDs/Moriond17_v1/mc/TnPTree_DYJetsToLL_M-50_TuneCUETP8M1_13TeV-madgraphMLM-pythia8_DYToLL_madgraph_Moriond17.root']
  tnpTree :  GsfElectronToPhoID
   --- MC sample --- 
  nEvts    :  48652793
  mcTruth  :  True
  puTree   :  eos/cms/store/group/phys_egamma/tnp/80X/pu/Winter17/DY_madgraph_Winter17_pho.pu.puTree.root
  weight   :  weights_2016_runGH.totWeight

RooWorkspace(w) w contents

variables
---------
(acmsF,acmsP,alphaF,alphaP,betaF,betaP,eff,gammaF,gammaP,meanF,meanP,nBkgF,nBkgP,nF,nP,nSigF,nSigP,peakF,peakP,sigmaF,sigmaF_2,sigmaP,sigmaP_2,sosF,sosP,x)

p.d.f.s
-------
RooCMSShape::bkgFail[ x=x alpha=acmsF beta=betaF gamma=gammaF peak=peakF ] = 1.91031
RooCMSShape::bkgPass[ x=x alpha=acmsP beta=betaP gamma=gammaP peak=peakP ] = 1.91031
RooAddPdf::pdfFail[ nSigF * sigFail + nBkgF * bkgFail ] = 17.3771
RooAddPdf::pdfPass[ nSigP * sigPass + nBkgP * bkgPass ] = 19.9371
RooFFTConvPdf::sigFail[ sigPhysFail(x) (*) sigResFail(x) ] = 0.111321
RooFFTConvPdf::sigPass[ sigPhysPass(x) (*) sigResPass(x) ] = 0.127775
RooHistPdf::sigPhysFail[ pdfObs=(x) ] = 35600
RooHistPdf::sigPhysPass[ pdfObs=(x) ] = 35600
RooCBExGaussShape::sigResFail[ m=x  m0=meanF  sigma=sigResFail_3  alpha=alphaF  n=nF  sigma_2=sigResFail_6 ] = 0
RooCBExGaussShape::sigResPass[ m=x  m0=meanP  sigma=sigResPass_3  alpha=alphaP  n=nP  sigma_2=sigResPass_6 ] = 0

functions
--------
RooFormulaVar::sigResFail_3[ actualVars=(sigmaF,sosF) formula="sqrt(sigmaF*sigmaF+sosF*sosF)" ] = 2.23607
RooFormulaVar::sigResFail_6[ actualVars=(sigmaF_2,sosF) formula="sqrt(sigmaF_2*sigmaF_2+sosF*sosF)" ] = 2.23607
RooFormulaVar::sigResPass_3[ actualVars=(sigmaP,sosP) formula="sqrt(sigmaP*sigmaP+sosP*sosP)" ] = 1.41421
RooFormulaVar::sigResPass_6[ actualVars=(sigmaP_2,sosP) formula="sqrt(sigmaP_2*sigmaP_2+sosP*sosP)" ] = 1.80278

datasets
--------
RooDataHist::hPass(x)
RooDataHist::hFail(x)
RooDataHist::hGenZPass(x)
RooDataHist::hGenZFail(x)

embedded precalculated expensive components
-------------------------------------------
uid = 0 key=sigFail_sigPhysFail_CONV_sigResFail_CACHEHIST_Obs[x]_BufFrac0.1_BufStrat0 value=RooDataHist::sigFail_sigPhysFail_CONV_sigResFail_CACHEHIST_Obs[x]_BufFrac0.1_BufStrat0 parameters=( alphaF=2 meanF=-0 nF=3 sigmaF=2 sigmaF_2=2 sosF=1 )
uid = 1 key=sigPass_sigPhysPass_CONV_sigResPass_CACHEHIST_Obs[x]_BufFrac0.1_BufStrat0 value=RooDataHist::sigPass_sigPhysPass_CONV_sigResPass_CACHEHIST_Obs[x]_BufFrac0.1_BufStrat0 parameters=( alphaP=2 meanP=-0 nP=3 sigmaP=1 sigmaP_2=1.5 sosP=1 )
 title :  -  -2.500 < #eta_{SC} < -2.000 -  15.000 < probe_Pho_et < 20.000
 **********
 **   13 **MIGRAD        3000           1
 **********
 FIRST CALL TO USER FUNCTION AT NEW START POINT, WITH IFLAG=4.
 START MIGRAD MINIMIZATION.  STRATEGY  1.  CONVERGENCE WHEN EDM .LT. 1.00e-03
 FCN=-15660.2 FROM MIGRAD    STATUS=INITIATE      119 CALLS         120 TOTAL
                     EDM= unknown      STRATEGY= 1      NO ERROR MATRIX       
  EXT PARAMETER               CURRENT GUESS       STEP         FIRST   
  NO.   NAME      VALUE            ERROR          SIZE      DERIVATIVE 
   1  alphaP       1.70020e+00   2.30000e-01   9.53644e-01  -1.16983e+01
   2  meanP        0.00000e+00   1.00000e+00   0.00000e+00   9.50975e+02
   3  nP           8.94875e-01   4.95000e-01   0.00000e+00  -6.08812e+01
   4  nSigP        3.63919e+03   6.06481e+02   0.00000e+00  -3.34984e+02
   5  sigmaP       3.15949e+00   1.50000e-01   0.00000e+00  -2.44583e+02
   6  sigmaP_2     1.50000e+00   5.00000e-01   0.00000e+00   2.72592e+02
                               ERR DEF= 0.5
 MIGRAD MINIMIZATION HAS CONVERGED.
 MIGRAD WILL VERIFY CONVERGENCE AND ERROR MATRIX.
 EIGENVALUES OF SECOND-DERIVATIVE MATRIX:
        -6.5977e-02  2.8519e-02  5.3198e-01  9.3953e-01  2.0647e+00  2.5012e+00
 MINUIT WARNING IN HESSE   
 ============== MATRIX FORCED POS-DEF BY ADDING 0.068478 TO DIAGONAL.
 FCN=-15795 FROM HESSE     STATUS=NOT POSDEF     46 CALLS         419 TOTAL
                     EDM=0.0373012    STRATEGY= 1      ERR MATRIX NOT POS-DEF
  EXT PARAMETER                APPROXIMATE        STEP         FIRST   
  NO.   NAME      VALUE            ERROR          SIZE      DERIVATIVE 
   1  alphaP       2.60707e+00   4.49971e-01   2.55927e-03   3.97894e-01
   2  meanP       -7.18091e-01   1.67819e-01   1.18321e-03   2.08677e-01
   3  nP           5.19150e-02   4.88290e+00   1.68561e-02   1.53658e-01
   4  nSigP        4.10532e+03   7.92187e+01   2.01545e-03   1.00310e-01
   5  sigmaP       3.59603e+00   1.70237e-01   3.22916e-03  -8.74361e-03
   6  sigmaP_2     1.24436e+00   1.76583e-01   4.05591e-03   2.94469e-03
                               ERR DEF= 0.5
 MIGRAD MINIMIZATION HAS CONVERGED.
 MIGRAD WILL VERIFY CONVERGENCE AND ERROR MATRIX.
 COVARIANCE MATRIX CALCULATED SUCCESSFULLY
 FCN=-15795 FROM MIGRAD    STATUS=CONVERGED     555 CALLS         556 TOTAL
                     EDM=3.22623e-05    STRATEGY= 1      ERROR MATRIX ACCURATE 
  EXT PARAMETER                                   STEP         FIRST   
  NO.   NAME      VALUE            ERROR          SIZE      DERIVATIVE 
   1  alphaP       2.60951e+00   4.80394e-02   2.55918e-03   7.51441e-02
   2  meanP       -7.23080e-01   3.06071e-01   1.18344e-03  -7.82114e-02
   3  nP           5.00000e-02   4.35610e-01   3.01237e-02** at limit **
   4  nSigP        4.10548e+03   6.67941e+01   2.01567e-03   4.57487e-03
   5  sigmaP       3.59374e+00   2.22041e-01   3.23209e-03   4.26692e-02
   6  sigmaP_2     1.24944e+00   2.98613e-01   4.05648e-03   1.87333e-02
                               ERR DEF= 0.5
 EXTERNAL ERROR MATRIX.    NDIM=  26    NPAR=  6    ERR DEF=0.5
  2.309e-03  1.943e-03 -5.591e-06 -2.670e-01  9.913e-04 -2.479e-03 
  1.943e-03  9.380e-02 -8.936e-07 -1.115e-01  5.903e-02 -8.650e-02 
 -5.591e-06 -8.936e-07  2.824e-08 -4.322e-04 -1.472e-06  6.150e-07 
 -2.670e-01 -1.115e-01 -4.322e-04  4.462e+03 -2.557e-01  5.379e-02 
  9.913e-04  5.903e-02 -1.472e-06 -2.557e-01  4.942e-02 -4.931e-02 
 -2.479e-03 -8.650e-02  6.150e-07  5.379e-02 -4.931e-02  8.992e-02 
 PARAMETER  CORRELATION COEFFICIENTS  
       NO.  GLOBAL      1      2      3      4      5      6
        1  0.72724   1.000  0.132 -0.692 -0.083  0.093 -0.172
        2  0.97543   0.132  1.000 -0.017 -0.005  0.867 -0.942
        3  0.71331  -0.692 -0.017  1.000 -0.039 -0.039  0.012
        4  0.16596  -0.083 -0.005 -0.039  1.000 -0.017  0.003
        5  0.89703   0.093  0.867 -0.039 -0.017  1.000 -0.740
        6  0.95594  -0.172 -0.942  0.012  0.003 -0.740  1.000
 **********
 **   18 **HESSE        3000
 **********
 COVARIANCE MATRIX CALCULATED SUCCESSFULLY
 FCN=-15795 FROM HESSE     STATUS=OK             50 CALLS         606 TOTAL
                     EDM=3.66056e-05    STRATEGY= 1      ERROR MATRIX ACCURATE 
  EXT PARAMETER                                INTERNAL      INTERNAL  
  NO.   NAME      VALUE            ERROR       STEP SIZE       VALUE   
   1  alphaP       2.60951e+00   5.55101e-02   1.02367e-04   2.27621e-01
   2  meanP       -7.23080e-01   3.07318e-01   2.36688e-04  -1.45125e-01
   3  nP           5.00000e-02   2.16104e-02   2.87769e-01  -1.57091e+00
                                 WARNING -   - ABOVE PARAMETER IS AT LIMIT.
   4  nSigP        4.10548e+03   6.70693e+01   8.06270e-05   3.61530e-01
   5  sigmaP       3.59374e+00   2.24113e-01   1.29284e-04   9.21059e-02
   6  sigmaP_2     1.24944e+00   2.98735e-01   1.62259e-04  -8.14638e-01
                               ERR DEF= 0.5
 EXTERNAL ERROR MATRIX.    NDIM=  26    NPAR=  6    ERR DEF=0.5
  3.084e-03  5.014e-04 -1.600e-06 -7.026e-02 -3.925e-04 -1.354e-03 
  5.014e-04  9.457e-02  1.059e-06 -3.246e-01  6.000e-02 -8.688e-02 
 -1.600e-06  1.059e-06  1.361e-09 -2.413e-04  9.208e-07 -8.383e-07 
 -7.026e-02 -3.246e-01 -2.413e-04  4.499e+03 -4.477e-01  2.243e-01 
 -3.925e-04  6.000e-02  9.208e-07 -4.477e-01  5.035e-02 -4.999e-02 
 -1.354e-03 -8.688e-02 -8.383e-07  2.243e-01 -4.999e-02  9.000e-02 
 PARAMETER  CORRELATION COEFFICIENTS  
       NO.  GLOBAL      1      2      3      4      5      6
        1  0.80450   1.000  0.029 -0.781 -0.019 -0.032 -0.081
        2  0.97563   0.029  1.000  0.093 -0.016  0.870 -0.942
        3  0.80277  -0.781  0.093  1.000 -0.098  0.111 -0.076
        4  0.18843  -0.019 -0.016 -0.098  1.000 -0.030  0.011
        5  0.89903  -0.032  0.870  0.111 -0.030  1.000 -0.743
        6  0.95598  -0.081 -0.942 -0.076  0.011 -0.743  1.000
 **********
 **   23 **HESSE        3000
 **********
 COVARIANCE MATRIX CALCULATED SUCCESSFULLY
 FCN=-16893.6 FROM HESSE     STATUS=OK             62 CALLS         668 TOTAL
                     EDM=0.186759    STRATEGY= 1      ERROR MATRIX ACCURATE 
  EXT PARAMETER                                INTERNAL      INTERNAL  
  NO.   NAME      VALUE            ERROR       STEP SIZE       VALUE   
   1  alphaP       2.60951e+00   5.28084e-02   2.08829e-03   2.27621e-01
   2  meanP       -7.23080e-01   2.94720e-01   4.82843e-03  -1.45125e-01
   3  nP           5.00000e-02   1.88952e-02   3.44512e-01  -1.57091e+00
                                 WARNING -   - ABOVE PARAMETER IS AT LIMIT.
   4  nSigP        4.10548e+03   6.49491e+01   1.64479e-03   3.61530e-01
   5  sigmaP       3.59374e+00   2.16083e-01   2.63739e-03   9.21059e-02
   6  sigmaP_2     1.24944e+00   2.87650e-01   3.31009e-03  -8.14638e-01
                               ERR DEF= 0.5
 EXTERNAL ERROR MATRIX.    NDIM=  26    NPAR=  6    ERR DEF=0.5
  2.791e-03  3.532e-05 -1.409e-06 -2.218e-02 -8.190e-04 -9.333e-04 
  3.532e-05  8.696e-02  1.338e-06 -4.134e-01  5.536e-02 -8.005e-02 
 -1.409e-06  1.338e-06  1.190e-09 -2.589e-04  1.231e-06 -1.059e-06 
 -2.218e-02 -4.134e-01 -2.589e-04  4.219e+03 -5.324e-01  2.940e-01 
 -8.190e-04  5.536e-02  1.231e-06 -5.324e-01  4.680e-02 -4.607e-02 
 -9.333e-04 -8.005e-02 -1.059e-06  2.940e-01 -4.607e-02  8.339e-02 
 PARAMETER  CORRELATION COEFFICIENTS  
       NO.  GLOBAL      1      2      3      4      5      6
        1  0.79789   1.000  0.002 -0.774 -0.006 -0.072 -0.061
        2  0.97514   0.002  1.000  0.131 -0.022  0.868 -0.940
        3  0.79874  -0.774  0.131  1.000 -0.116  0.165 -0.106
        4  0.19771  -0.006 -0.022 -0.116  1.000 -0.038  0.016
        5  0.89870  -0.072  0.868  0.165 -0.038  1.000 -0.737
        6  0.95487  -0.061 -0.940 -0.106  0.016 -0.737  1.000
 **********
 **   13 **MIGRAD        3000           1
 **********
 FIRST CALL TO USER FUNCTION AT NEW START POINT, WITH IFLAG=4.
 START MIGRAD MINIMIZATION.  STRATEGY  1.  CONVERGENCE WHEN EDM .LT. 1.00e-03
 FCN=-10842.7 FROM MIGRAD    STATUS=INITIATE       68 CALLS          69 TOTAL
                     EDM= unknown      STRATEGY= 1      NO ERROR MATRIX       
  EXT PARAMETER               CURRENT GUESS       STEP         FIRST   
  NO.   NAME      VALUE            ERROR          SIZE      DERIVATIVE 
   1  alphaF       1.20027e+00   2.30000e-01   0.00000e+00  -3.13830e-01
   2  meanF        0.00000e+00   1.00000e+00   0.00000e+00   4.26615e+02
   3  nF           1.22155e+00   4.95000e-01  -7.47767e-01   2.45744e+00
   4  nSigF        2.83857e+03   4.73045e+02   0.00000e+00  -2.60707e+02
   5  sigmaF       3.59374e+00   3.59374e-01   0.00000e+00  -6.83465e+01
   6  sigmaF_2     2.00000e+00   5.50000e-01   0.00000e+00   1.64119e+02
                               ERR DEF= 0.5
 MIGRAD MINIMIZATION HAS CONVERGED.
 MIGRAD WILL VERIFY CONVERGENCE AND ERROR MATRIX.
 COVARIANCE MATRIX CALCULATED SUCCESSFULLY
 FCN=-10910.8 FROM MIGRAD    STATUS=CONVERGED     384 CALLS         385 TOTAL
                     EDM=2.4517e-05    STRATEGY= 1      ERROR MATRIX ACCURATE 
  EXT PARAMETER                                   STEP         FIRST   
  NO.   NAME      VALUE            ERROR          SIZE      DERIVATIVE 
   1  alphaF       1.65279e+00   1.28043e-01   2.64490e-03  -6.70280e-02
   2  meanF       -1.73986e+00   1.89519e-01   1.42144e-03  -1.22597e-01
   3  nF           5.10666e-01   1.34452e-01   1.75762e-03  -5.87116e-02
   4  nSigF        3.22081e+03   6.10038e+01   1.92267e-03   1.07347e-01
   5  sigmaF       2.87499e+00   3.57441e-01   3.04995e-02** at limit **
   6  sigmaF_2     2.49838e+00   1.88052e-01   2.55035e-03  -5.48254e-02
                               ERR DEF= 0.5
 EXTERNAL ERROR MATRIX.    NDIM=  26    NPAR=  6    ERR DEF=0.5
  1.650e-02 -7.621e-03 -1.661e-02  1.479e+00  7.850e-07  3.779e-03 
 -7.621e-03  3.594e-02  8.677e-03 -5.222e-01  3.185e-06 -3.025e-02 
 -1.661e-02  8.677e-03  1.813e-02 -1.906e+00 -5.077e-07 -5.642e-03 
  1.479e+00 -5.222e-01 -1.906e+00  3.722e+03  2.889e-05  3.096e-01 
  7.850e-07  3.185e-06 -5.077e-07  2.889e-05  2.468e-08 -1.762e-06 
  3.779e-03 -3.025e-02 -5.642e-03  3.096e-01 -1.762e-06  3.542e-02 
 PARAMETER  CORRELATION COEFFICIENTS  
       NO.  GLOBAL      1      2      3      4      5      6
        1  0.96530   1.000 -0.313 -0.960  0.189  0.039  0.156
        2  0.87322  -0.313  1.000  0.340 -0.045  0.107 -0.848
        3  0.96552  -0.960  0.340  1.000 -0.232 -0.024 -0.223
        4  0.26783   0.189 -0.045 -0.232  1.000  0.003  0.027
        5  0.16078   0.039  0.107 -0.024  0.003  1.000 -0.060
        6  0.86780   0.156 -0.848 -0.223  0.027 -0.060  1.000
 **********
 **   18 **HESSE        3000
 **********
 COVARIANCE MATRIX CALCULATED SUCCESSFULLY
 FCN=-10910.8 FROM HESSE     STATUS=OK             40 CALLS         425 TOTAL
                     EDM=2.44511e-05    STRATEGY= 1      ERROR MATRIX ACCURATE 
  EXT PARAMETER                                INTERNAL      INTERNAL  
  NO.   NAME      VALUE            ERROR       STEP SIZE       VALUE   
   1  alphaF       1.65279e+00   1.31764e-01   5.28980e-04  -6.51357e-01
   2  meanF       -1.73986e+00   1.89724e-01   2.84287e-04  -3.55407e-01
   3  nF           5.10666e-01   1.38492e-01   3.51524e-04  -9.50786e-01
   4  nSigF        3.22081e+03   6.11093e+01   3.84535e-04   3.69903e-01
   5  sigmaF       2.87499e+00   3.58401e-01   1.21998e-03  -1.57089e+00
                                 WARNING -   - ABOVE PARAMETER IS AT LIMIT.
   6  sigmaF_2     2.49838e+00   1.88632e-01   5.10070e-04  -2.76839e-01
                               ERR DEF= 0.5
 EXTERNAL ERROR MATRIX.    NDIM=  26    NPAR=  6    ERR DEF=0.5
  1.748e-02 -8.256e-03 -1.766e-02  1.592e+00  2.878e-08  4.177e-03 
 -8.256e-03  3.601e-02  9.322e-03 -5.876e-01  1.087e-07 -3.043e-02 
 -1.766e-02  9.322e-03  1.924e-02 -2.026e+00 -1.937e-08 -6.056e-03 
  1.592e+00 -5.876e-01 -2.026e+00  3.735e+03  1.200e-06  3.514e-01 
  2.878e-08  1.087e-07 -1.937e-08  1.200e-06  2.475e-08 -6.040e-08 
  4.177e-03 -3.043e-02 -6.056e-03  3.514e-01 -6.040e-08  3.564e-02 
 PARAMETER  CORRELATION COEFFICIENTS  
       NO.  GLOBAL      1      2      3      4      5      6
        1  0.96728   1.000 -0.329 -0.963  0.197  0.001  0.167
        2  0.87351  -0.329  1.000  0.354 -0.051  0.004 -0.849
        3  0.96754  -0.963  0.354  1.000 -0.239 -0.001 -0.231
        4  0.27374   0.197 -0.051 -0.239  1.000  0.000  0.030
        5  0.00559   0.001  0.004 -0.001  0.000  1.000 -0.002
        6  0.86868   0.167 -0.849 -0.231  0.030 -0.002  1.000
 **********
 **   23 **HESSE        3000
 **********
 COVARIANCE MATRIX CALCULATED SUCCESSFULLY
 FCN=-11924.4 FROM HESSE     STATUS=OK             54 CALLS         479 TOTAL
                     EDM=0.239527    STRATEGY= 1      ERROR MATRIX ACCURATE 
  EXT PARAMETER                                INTERNAL      INTERNAL  
  NO.   NAME      VALUE            ERROR       STEP SIZE       VALUE   
   1  alphaF       1.65279e+00   1.14580e-01   1.07912e-02  -6.51357e-01
   2  meanF       -1.73986e+00   1.77066e-01   5.79946e-03  -3.55407e-01
   3  nF           5.10666e-01   1.19648e-01   7.17109e-03  -9.50786e-01
   4  nSigF        3.22081e+03   5.81180e+01   7.84451e-03   3.69903e-01
   5  sigmaF       2.87499e+00   1.10177e-01   2.48876e-02  -1.57089e+00
                                 WARNING -   - ABOVE PARAMETER IS AT LIMIT.
   6  sigmaF_2     2.49838e+00   1.77085e-01   1.04054e-02  -2.76839e-01
                               ERR DEF= 0.5
 EXTERNAL ERROR MATRIX.    NDIM=  26    NPAR=  6    ERR DEF=0.5
  1.320e-02 -5.726e-03 -1.314e-02  1.113e+00  1.705e-07  2.534e-03 
 -5.726e-03  3.137e-02  6.566e-03 -3.321e-01  8.062e-07 -2.650e-02 
 -1.314e-02  6.566e-03  1.435e-02 -1.485e+00 -1.013e-07 -4.146e-03 
  1.113e+00 -3.321e-01 -1.485e+00  3.378e+03  4.736e-06  1.798e-01 
  1.705e-07  8.062e-07 -1.013e-07  4.736e-06  7.526e-09 -4.458e-07 
  2.534e-03 -2.650e-02 -4.146e-03  1.798e-01 -4.458e-07  3.141e-02 
 PARAMETER  CORRELATION COEFFICIENTS  
       NO.  GLOBAL      1      2      3      4      5      6
        1  0.96003   1.000 -0.281 -0.955  0.167  0.017  0.124
        2  0.86695  -0.281  1.000  0.309 -0.032  0.052 -0.844
        3  0.96019  -0.955  0.309  1.000 -0.213 -0.010 -0.195
        4  0.25199   0.167 -0.032 -0.213  1.000  0.001  0.017
        5  0.07614   0.017  0.052 -0.010  0.001  1.000 -0.029
        6  0.86409   0.124 -0.844 -0.195  0.017 -0.029  1.000

RooWorkspace(w) w contents

variables
---------
(acmsF,acmsP,alphaF,alphaP,betaF,betaP,eff,gammaF,gammaP,meanF,meanP,nBkgF,nBkgP,nF,nP,nSigF,nSigP,peakF,peakP,sigmaF,sigmaF_2,sigmaP,sigmaP_2,sosF,sosP,x)

p.d.f.s
-------
RooCMSShape::bkgFail[ x=x alpha=acmsF beta=betaF gamma=gammaF peak=peakF ] = 1.91031
RooCMSShape::bkgPass[ x=x alpha=acmsP beta=betaP gamma=gammaP peak=peakP ] = 1.91031
RooAddPdf::pdfFail[ nSigF * sigFail + nBkgF * bkgFail ] = 17.3771
RooAddPdf::pdfPass[ nSigP * sigPass + nBkgP * bkgPass ] = 19.9371
RooFFTConvPdf::sigFail[ sigPhysFail(x) (*) sigResFail(x) ] = 0.111321
RooFFTConvPdf::sigPass[ sigPhysPass(x) (*) sigResPass(x) ] = 0.127775
RooHistPdf::sigPhysFail[ pdfObs=(x) ] = 35600
RooHistPdf::sigPhysPass[ pdfObs=(x) ] = 35600
RooCBExGaussShape::sigResFail[ m=x  m0=meanF  sigma=sigResFail_3  alpha=alphaF  n=nF  sigma_2=sigResFail_6 ] = 0
RooCBExGaussShape::sigResPass[ m=x  m0=meanP  sigma=sigResPass_3  alpha=alphaP  n=nP  sigma_2=sigResPass_6 ] = 0

functions
--------
RooFormulaVar::sigResFail_3[ actualVars=(sigmaF,sosF) formula="sqrt(sigmaF*sigmaF+sosF*sosF)" ] = 2.23607
RooFormulaVar::sigResFail_6[ actualVars=(sigmaF_2,sosF) formula="sqrt(sigmaF_2*sigmaF_2+sosF*sosF)" ] = 2.23607
RooFormulaVar::sigResPass_3[ actualVars=(sigmaP,sosP) formula="sqrt(sigmaP*sigmaP+sosP*sosP)" ] = 1.41421
RooFormulaVar::sigResPass_6[ actualVars=(sigmaP_2,sosP) formula="sqrt(sigmaP_2*sigmaP_2+sosP*sosP)" ] = 1.80278

datasets
--------
RooDataHist::hPass(x)
RooDataHist::hFail(x)
RooDataHist::hGenZPass(x)
RooDataHist::hGenZFail(x)

embedded precalculated expensive components
-------------------------------------------
uid = 0 key=sigFail_sigPhysFail_CONV_sigResFail_CACHEHIST_Obs[x]_BufFrac0.1_BufStrat0 value=RooDataHist::sigFail_sigPhysFail_CONV_sigResFail_CACHEHIST_Obs[x]_BufFrac0.1_BufStrat0 parameters=( alphaF=2 meanF=-0 nF=3 sigmaF=2 sigmaF_2=2 sosF=1 )
uid = 1 key=sigPass_sigPhysPass_CONV_sigResPass_CACHEHIST_Obs[x]_BufFrac0.1_BufStrat0 value=RooDataHist::sigPass_sigPhysPass_CONV_sigResPass_CACHEHIST_Obs[x]_BufFrac0.1_BufStrat0 parameters=( alphaP=2 meanP=-0 nP=3 sigmaP=1 sigmaP_2=1.5 sosP=1 )
 title :  -  -2.000 < #eta_{SC} < -1.566 -  15.000 < probe_Pho_et < 20.000
 **********
 **   13 **MIGRAD        3000           1
 **********
 FIRST CALL TO USER FUNCTION AT NEW START POINT, WITH IFLAG=4.
 START MIGRAD MINIMIZATION.  STRATEGY  1.  CONVERGENCE WHEN EDM .LT. 1.00e-03
 FCN=-17631 FROM MIGRAD    STATUS=INITIATE      115 CALLS         116 TOTAL
                     EDM= unknown      STRATEGY= 1      NO ERROR MATRIX       
  EXT PARAMETER               CURRENT GUESS       STEP         FIRST   
  NO.   NAME      VALUE            ERROR          SIZE      DERIVATIVE 
   1  alphaP       1.66797e+00   2.30000e-01   9.25395e-01  -2.42271e+01
   2  meanP        0.00000e+00   1.00000e+00   0.00000e+00   8.81884e+02
   3  nP           8.45863e-01   4.95000e-01   0.00000e+00  -9.63751e+01
   4  nSigP        4.10065e+03   6.83392e+02   0.00000e+00  -3.72746e+02
   5  sigmaP       4.40219e+00   1.50000e-01   0.00000e+00  -2.19877e+02
   6  sigmaP_2     1.50000e+00   5.00000e-01   0.00000e+00   2.35230e+02
                               ERR DEF= 0.5
 MIGRAD FAILS TO FIND IMPROVEMENT
 COVARIANCE MATRIX CALCULATED SUCCESSFULLY
 FCN=-17773.4 FROM HESSE     STATUS=OK             48 CALLS         506 TOTAL
                     EDM=0.0675015    STRATEGY= 1      ERROR MATRIX ACCURATE 
  EXT PARAMETER                                   STEP         FIRST   
  NO.   NAME      VALUE            ERROR          SIZE      DERIVATIVE 
   1  alphaP       1.83775e+00   2.12588e-02   3.50898e-03   1.06731e+00
   2  meanP       -1.81088e+00   1.27198e-02   4.29001e-04  -1.31260e+02
   3  nP           8.17856e-01   3.90517e-02   3.76355e-03   5.75362e-01
   4  nSigP        4.54479e+03   6.92404e+01   1.96914e-03  -6.16891e-01
   5  sigmaP       4.28193e+00   1.23551e-01   1.28095e-03  -9.89257e-01
   6  sigmaP_2     2.19749e+00   1.37099e-02   8.47178e-04   1.41253e+00
                               ERR DEF= 0.5
 MIGRAD FAILS TO FIND IMPROVEMENT
 MIGRAD TERMINATED WITHOUT CONVERGENCE.
 FCN=-17773.4 FROM MIGRAD    STATUS=FAILED        516 CALLS         517 TOTAL
                     EDM=0.0675015    STRATEGY= 1      ERR MATRIX APPROXIMATE
  EXT PARAMETER                APPROXIMATE        STEP         FIRST   
  NO.   NAME      VALUE            ERROR          SIZE      DERIVATIVE 
   1  alphaP       1.83775e+00   2.12588e-02  -0.00000e+00   1.06731e+00
   2  meanP       -1.81088e+00   1.27198e-02   0.00000e+00  -1.31260e+02
   3  nP           8.17856e-01   3.90517e-02  -0.00000e+00   5.75362e-01
   4  nSigP        4.54479e+03   6.92404e+01   0.00000e+00  -6.16891e-01
   5  sigmaP       4.28193e+00   1.23551e-01   0.00000e+00  -9.89257e-01
   6  sigmaP_2     2.19749e+00   1.37099e-02  -0.00000e+00   1.41253e+00
                               ERR DEF= 0.5
 EXTERNAL ERROR MATRIX.    NDIM=  26    NPAR=  6    ERR DEF=0.5
  4.520e-04  2.698e-06 -1.759e-04 -5.504e-02  5.506e-04  3.494e-07 
  2.698e-06  1.618e-04  3.609e-06  1.473e-04  1.887e-04 -2.515e-06 
 -1.759e-04  3.609e-06  1.525e-03 -2.020e-01  5.722e-04 -5.826e-07 
 -5.504e-02  1.473e-04 -2.020e-01  4.795e+03 -5.832e-02 -1.260e-03 
  5.506e-04  1.887e-04  5.722e-04 -5.832e-02  1.528e-02  1.229e-04 
  3.494e-07 -2.515e-06 -5.826e-07 -1.260e-03  1.229e-04  1.880e-04 
ERR MATRIX APPROXIMATE
 PARAMETER  CORRELATION COEFFICIENTS  
       NO.  GLOBAL      1      2      3      4      5      6
        1  0.32274   1.000  0.010 -0.212 -0.037  0.210  0.001
        2  0.12377   0.010  1.000  0.007  0.000  0.120 -0.014
        3  0.28244  -0.212  0.007  1.000 -0.075  0.119 -0.001
        4  0.09377  -0.037  0.000 -0.075  1.000 -0.007 -0.001
        5  0.30156   0.210  0.120  0.119 -0.007  1.000  0.073
        6  0.07888   0.001 -0.014 -0.001 -0.001  0.073  1.000
 ERR MATRIX APPROXIMATE
 **********
 **   18 **HESSE        3000
 **********
 COVARIANCE MATRIX CALCULATED SUCCESSFULLY
 FCN=-17773.4 FROM HESSE     STATUS=OK             68 CALLS         585 TOTAL
                     EDM=1.98782    STRATEGY= 1      ERROR MATRIX ACCURATE 
  EXT PARAMETER                                INTERNAL      INTERNAL  
  NO.   NAME      VALUE            ERROR       STEP SIZE       VALUE   
   1  alphaP       1.83775e+00   5.78750e-02   1.04006e-01  -4.61655e-01
   2  meanP       -1.81088e+00   2.49975e-01   4.87171e-02  -3.70600e-01
   3  nP           8.17856e-01   9.94775e-02   1.11280e-01  -7.61151e-01
   4  nSigP        4.54479e+03   6.97638e+01   3.93827e-04   3.36220e-01
   5  sigmaP       4.28193e+00   2.60378e-01   2.56191e-04   3.59358e-01
   6  sigmaP_2     2.19749e+00   1.83446e-01   9.41639e-02  -3.92751e-01
                               ERR DEF= 0.5
 EXTERNAL ERROR MATRIX.    NDIM=  26    NPAR=  6    ERR DEF=0.5
  3.353e-03  3.474e-03 -3.067e-03 -1.372e-01  5.626e-03 -2.060e-03 
  3.474e-03  6.255e-02  4.215e-03 -4.179e-01  5.355e-02 -3.966e-02 
 -3.067e-03  4.215e-03  9.906e-03 -7.197e-01  4.536e-03 -2.556e-03 
 -1.372e-01 -4.179e-01 -7.197e-01  4.868e+03 -8.491e-01  1.669e-01 
  5.626e-03  5.355e-02  4.536e-03 -8.491e-01  6.805e-02 -2.792e-02 
 -2.060e-03 -3.966e-02 -2.556e-03  1.669e-01 -2.792e-02  3.371e-02 
 PARAMETER  CORRELATION COEFFICIENTS  
       NO.  GLOBAL      1      2      3      4      5      6
        1  0.73242   1.000  0.240 -0.532 -0.034  0.372 -0.194
        2  0.95056   0.240  1.000  0.169 -0.024  0.821 -0.864
        3  0.68359  -0.532  0.169  1.000 -0.104  0.175 -0.140
        4  0.15366  -0.034 -0.024 -0.104  1.000 -0.047  0.013
        5  0.89213   0.372  0.821  0.175 -0.047  1.000 -0.583
        6  0.89551  -0.194 -0.864 -0.140  0.013 -0.583  1.000
 **********
 **   23 **HESSE        3000
 **********
 COVARIANCE MATRIX CALCULATED SUCCESSFULLY
 FCN=-19171.8 FROM HESSE     STATUS=OK             70 CALLS         655 TOTAL
                     EDM=0.981602    STRATEGY= 1      ERROR MATRIX ACCURATE 
  EXT PARAMETER                                INTERNAL      INTERNAL  
  NO.   NAME      VALUE            ERROR       STEP SIZE       VALUE   
   1  alphaP       1.83775e+00   5.66217e-02   5.08502e-02  -4.61655e-01
   2  meanP       -1.81088e+00   1.92754e-01   4.03827e-02  -3.70600e-01
   3  nP           8.17856e-01   1.00212e-01   1.19337e-01  -7.61151e-01
   4  nSigP        4.54479e+03   6.71222e+01   8.03407e-03   3.36220e-01
   5  sigmaP       4.28193e+00   1.89795e-01   1.37842e-01   3.59358e-01
   6  sigmaP_2     2.19749e+00   1.57521e-01   7.90723e-02  -3.92751e-01
                               ERR DEF= 0.5
 EXTERNAL ERROR MATRIX.    NDIM=  26    NPAR=  6    ERR DEF=0.5
  3.209e-03  1.075e-03 -3.701e-03 -8.068e-02  2.749e-03 -8.568e-04 
  1.075e-03  3.718e-02  1.834e-03 -1.279e-02  2.602e-02 -2.539e-02 
 -3.701e-03  1.834e-03  1.005e-02 -6.257e-01  1.623e-03 -1.119e-03 
 -8.068e-02 -1.279e-02 -6.257e-01  4.506e+03 -3.327e-01 -4.297e-02 
  2.749e-03  2.602e-02  1.623e-03 -3.327e-01  3.609e-02 -1.327e-02 
 -8.568e-04 -2.539e-02 -1.119e-03 -4.297e-02 -1.327e-02  2.484e-02 
 PARAMETER  CORRELATION COEFFICIENTS  
       NO.  GLOBAL      1      2      3      4      5      6
        1  0.74332   1.000  0.098 -0.652 -0.021  0.255 -0.096
        2  0.92225   0.098  1.000  0.095 -0.001  0.710 -0.835
        3  0.71599  -0.652  0.095  1.000 -0.093  0.085 -0.071
        4  0.14688  -0.021 -0.001 -0.093  1.000 -0.026 -0.004
        5  0.80862   0.255  0.710  0.085 -0.026  1.000 -0.443
        6  0.86807  -0.096 -0.835 -0.071 -0.004 -0.443  1.000
 **********
 **   13 **MIGRAD        3000           1
 **********
 FIRST CALL TO USER FUNCTION AT NEW START POINT, WITH IFLAG=4.
 START MIGRAD MINIMIZATION.  STRATEGY  1.  CONVERGENCE WHEN EDM .LT. 1.00e-03
 FCN=-9168.94 FROM MIGRAD    STATUS=INITIATE       90 CALLS          91 TOTAL
                     EDM= unknown      STRATEGY= 1      NO ERROR MATRIX       
  EXT PARAMETER               CURRENT GUESS       STEP         FIRST   
  NO.   NAME      VALUE            ERROR          SIZE      DERIVATIVE 
   1  alphaF       1.25452e+00   2.30000e-01   3.04272e-01   7.74059e-01
   2  meanF        0.00000e+00   1.00000e+00   0.00000e+00   4.04744e+02
   3  nF           6.90235e-01   4.95000e-01   0.00000e+00  -6.98132e+01
   4  nSigF        2.57159e+03   4.28548e+02   0.00000e+00  -2.80388e+02
   5  sigmaF       4.28193e+00   4.28193e-01   0.00000e+00  -9.14230e+01
   6  sigmaF_2     2.00000e+00   5.50000e-01   0.00000e+00   1.29351e+02
                               ERR DEF= 0.5
 MIGRAD FAILS TO FIND IMPROVEMENT
 COVARIANCE MATRIX CALCULATED SUCCESSFULLY
 FCN=-9257.46 FROM HESSE     STATUS=OK             44 CALLS         389 TOTAL
                     EDM=0.0088676    STRATEGY= 1      ERROR MATRIX ACCURATE 
  EXT PARAMETER                                   STEP         FIRST   
  NO.   NAME      VALUE            ERROR          SIZE      DERIVATIVE 
   1  alphaF       1.58264e+00   3.93259e-02   1.91663e-04  -1.05798e+00
   2  meanF       -2.37266e+00   2.58583e-01   1.22998e-04   2.40988e-01
   3  nF           4.02100e-01   1.01758e-02   1.98550e-03  -8.09349e-01
   4  nSigF        2.94386e+03   5.74848e+01   1.89309e-03  -8.98112e-01
   5  sigmaF       4.19865e+00   5.79475e-02   5.43912e-03  -4.90115e-02
   6  sigmaF_2     3.02441e+00   2.48263e-01   1.97237e-04  -1.33467e+00
                               ERR DEF= 0.5
 MINUIT WARNING IN MIGRAD  
 ============== Negative diagonal element 3 in Error Matrix
 MINUIT WARNING IN MIGRAD  
 ============== Negative diagonal element 6 in Error Matrix
 MINUIT WARNING IN MIGRAD  
 ============== 1 added to diagonal of error matrix
 MIGRAD FAILS TO FIND IMPROVEMENT
 MIGRAD TERMINATED WITHOUT CONVERGENCE.
 FCN=-9257.46 FROM MIGRAD    STATUS=FAILED        556 CALLS         557 TOTAL
                     EDM=7403.07    STRATEGY= 1  ERROR MATRIX UNCERTAINTY  32.3 per cent
  EXT PARAMETER                APPROXIMATE        STEP         FIRST   
  NO.   NAME      VALUE            ERROR          SIZE      DERIVATIVE 
   1  alphaF       1.58320e+00   4.89972e-01  -0.00000e+00  -5.47549e-01
   2  meanF       -2.37173e+00   1.82273e+00   0.00000e+00   7.24083e-01
   3  nF           4.02098e-01   8.26575e-01   0.00000e+00  -8.71709e-02
   4  nSigF        2.94503e+03   1.29185e+03   0.00000e+00  -8.23517e-02
   5  sigmaF       4.19857e+00   1.62772e+00  -0.00000e+00  -2.07363e-01
   6  sigmaF_2     3.02458e+00   1.75848e+00  -0.00000e+00   1.10301e+02
                               ERR DEF= 0.5
 EXTERNAL ERROR MATRIX.    NDIM=  26    NPAR=  6    ERR DEF=0.5
  2.720e-01  7.703e-01  2.081e-04  4.455e-01 -1.533e-01  1.031e-01 
  7.703e-01  3.532e+00 -1.659e-03 -3.686e+00  1.232e+00 -8.268e-01 
  2.081e-04 -1.659e-03  8.095e-01  1.338e-03  3.313e-04 -2.230e-04 
  4.455e-01 -3.686e+00  1.338e-03  1.978e+06  6.945e-01 -4.952e-01 
 -1.533e-01  1.232e+00  3.313e-04  6.945e-01  3.100e+00  1.650e-01 
  1.031e-01 -8.268e-01 -2.230e-04 -4.952e-01  1.650e-01  3.645e+00 
ERR MATRIX APPROXIMATE
 PARAMETER  CORRELATION COEFFICIENTS  
       NO.  GLOBAL      1      2      3      4      5      6
        1  1.00000   1.000  0.786  0.000  0.001 -0.167  0.104
        2  1.00000   0.786  1.000 -0.001 -0.001  0.372 -0.230
        3  0.83343   0.000 -0.001  1.000  0.000  0.000 -0.000
        4  0.90397   0.001 -0.001  0.000  1.000  0.000 -0.000
        5  1.00000  -0.167  0.372  0.000  0.000  1.000  0.049
        6  1.00000   0.104 -0.230 -0.000 -0.000  0.049  1.000
 ERR MATRIX APPROXIMATE
 **********
 **   18 **HESSE        3000
 **********
 COVARIANCE MATRIX CALCULATED SUCCESSFULLY
 FCN=-9257.46 FROM HESSE     STATUS=OK             42 CALLS         599 TOTAL
                     EDM=0.0155506    STRATEGY= 1      ERROR MATRIX ACCURATE 
  EXT PARAMETER                                INTERNAL      INTERNAL  
  NO.   NAME      VALUE            ERROR       STEP SIZE       VALUE   
   1  alphaF       1.58320e+00   1.91588e-01   6.64812e-05  -7.29889e-01
   2  meanF       -2.37173e+00   1.97123e-01   4.26467e-05  -4.94222e-01
   3  nF           4.02098e-01   1.95538e-01   9.64526e-05  -1.03085e+00
   4  nSigF        2.94503e+03   6.12839e+01   1.89362e-03   3.83522e-01
   5  sigmaF       4.19857e+00   4.25131e-01   1.25455e-04  -9.89734e-01
   6  sigmaF_2     3.02458e+00   3.60035e-03   2.76499e-04  -8.20633e-02
                               ERR DEF= 0.5
 EXTERNAL ERROR MATRIX.    NDIM=  26    NPAR=  6    ERR DEF=0.5
  3.733e-02  8.227e-03 -3.712e-02  3.570e+00  4.715e-02 -3.487e-04 
  8.227e-03  3.888e-02 -7.733e-03  5.768e-01  6.269e-02 -1.204e-04 
 -3.712e-02 -7.733e-03  3.854e-02 -4.127e+00 -4.404e-02  3.389e-04 
  3.570e+00  5.768e-01 -4.127e+00  3.757e+03  3.538e+00 -3.181e-02 
  4.715e-02  6.269e-02 -4.404e-02  3.538e+00  1.824e-01 -6.290e-04 
 -3.487e-04 -1.204e-04  3.389e-04 -3.181e-02 -6.290e-04  1.296e-05 
 PARAMETER  CORRELATION COEFFICIENTS  
       NO.  GLOBAL      1      2      3      4      5      6
        1  0.98264   1.000  0.216 -0.978  0.301  0.571 -0.501
        2  0.79507   0.216  1.000 -0.200  0.048  0.744 -0.170
        3  0.98104  -0.978 -0.200  1.000 -0.343 -0.525  0.479
        4  0.38105   0.301  0.048 -0.343  1.000  0.135 -0.144
        5  0.86906   0.571  0.744 -0.525  0.135  1.000 -0.409
        6  0.52984  -0.501 -0.170  0.479 -0.144 -0.409  1.000
 **********
 **   23 **HESSE        3000
 **********
 COVARIANCE MATRIX CALCULATED SUCCESSFULLY
 FCN=-9981.17 FROM HESSE     STATUS=OK             78 CALLS         677 TOTAL
                     EDM=220.388    STRATEGY= 1      ERROR MATRIX ACCURATE 
  EXT PARAMETER                                INTERNAL      INTERNAL  
  NO.   NAME      VALUE            ERROR       STEP SIZE       VALUE   
   1  alphaF       1.58320e+00   7.45962e-02   6.46475e-02  -7.29889e-01
   2  meanF       -2.37173e+00   2.89786e-01   4.14196e-02  -4.94222e-01
   3  nF           4.02098e-01   8.02617e-02   5.80113e-02  -1.03085e+00
   4  nSigF        2.94503e+03   5.62481e+01   3.86298e-02   3.83522e-01
   5  sigmaF       4.19857e+00   3.69081e-01   2.50909e-05  -9.89734e-01
   6  sigmaF_2     3.02458e+00   2.14967e-01   8.95949e-02  -8.20633e-02
                               ERR DEF= 0.5
 EXTERNAL ERROR MATRIX.    NDIM=  26    NPAR=  6    ERR DEF=0.5
  5.579e-03 -9.482e-05 -5.117e-03  2.639e-01  3.176e-03 -4.067e-04 
 -9.482e-05  8.410e-02  3.983e-03 -5.729e-01  7.921e-02 -4.943e-02 
 -5.117e-03  3.983e-03  6.451e-03 -7.844e-01  3.110e-03 -2.419e-03 
  2.639e-01 -5.729e-01 -7.844e-01  3.165e+03 -1.342e+00  1.807e-01 
  3.176e-03  7.921e-02  3.110e-03 -1.342e+00  1.372e-01 -3.208e-02 
 -4.067e-04 -4.943e-02 -2.419e-03  1.807e-01 -3.208e-02  4.631e-02 
 PARAMETER  CORRELATION COEFFICIENTS  
       NO.  GLOBAL      1      2      3      4      5      6
        1  0.89041   1.000 -0.004 -0.853  0.063  0.115 -0.025
        2  0.92032  -0.004  1.000  0.171 -0.035  0.738 -0.792
        3  0.89091  -0.853  0.171  1.000 -0.174  0.105 -0.140
        4  0.24536   0.063 -0.035 -0.174  1.000 -0.064  0.015
        5  0.82840   0.115  0.738  0.105 -0.064  1.000 -0.403
        6  0.85031  -0.025 -0.792 -0.140  0.015 -0.403  1.000

RooWorkspace(w) w contents

variables
---------
(acmsF,acmsP,alphaF,alphaP,betaF,betaP,eff,gammaF,gammaP,meanF,meanP,nBkgF,nBkgP,nF,nP,nSigF,nSigP,peakF,peakP,sigmaF,sigmaF_2,sigmaP,sigmaP_2,sosF,sosP,x)

p.d.f.s
-------
RooCMSShape::bkgFail[ x=x alpha=acmsF beta=betaF gamma=gammaF peak=peakF ] = 1.91031
RooCMSShape::bkgPass[ x=x alpha=acmsP beta=betaP gamma=gammaP peak=peakP ] = 1.91031
RooAddPdf::pdfFail[ nSigF * sigFail + nBkgF * bkgFail ] = 17.3771
RooAddPdf::pdfPass[ nSigP * sigPass + nBkgP * bkgPass ] = 19.9371
RooFFTConvPdf::sigFail[ sigPhysFail(x) (*) sigResFail(x) ] = 0.111321
RooFFTConvPdf::sigPass[ sigPhysPass(x) (*) sigResPass(x) ] = 0.127775
RooHistPdf::sigPhysFail[ pdfObs=(x) ] = 35600
RooHistPdf::sigPhysPass[ pdfObs=(x) ] = 35600
RooCBExGaussShape::sigResFail[ m=x  m0=meanF  sigma=sigResFail_3  alpha=alphaF  n=nF  sigma_2=sigResFail_6 ] = 0
RooCBExGaussShape::sigResPass[ m=x  m0=meanP  sigma=sigResPass_3  alpha=alphaP  n=nP  sigma_2=sigResPass_6 ] = 0

functions
--------
RooFormulaVar::sigResFail_3[ actualVars=(sigmaF,sosF) formula="sqrt(sigmaF*sigmaF+sosF*sosF)" ] = 2.23607
RooFormulaVar::sigResFail_6[ actualVars=(sigmaF_2,sosF) formula="sqrt(sigmaF_2*sigmaF_2+sosF*sosF)" ] = 2.23607
RooFormulaVar::sigResPass_3[ actualVars=(sigmaP,sosP) formula="sqrt(sigmaP*sigmaP+sosP*sosP)" ] = 1.41421
RooFormulaVar::sigResPass_6[ actualVars=(sigmaP_2,sosP) formula="sqrt(sigmaP_2*sigmaP_2+sosP*sosP)" ] = 1.80278

datasets
--------
RooDataHist::hPass(x)
RooDataHist::hFail(x)
RooDataHist::hGenZPass(x)
RooDataHist::hGenZFail(x)

embedded precalculated expensive components
-------------------------------------------
uid = 0 key=sigFail_sigPhysFail_CONV_sigResFail_CACHEHIST_Obs[x]_BufFrac0.1_BufStrat0 value=RooDataHist::sigFail_sigPhysFail_CONV_sigResFail_CACHEHIST_Obs[x]_BufFrac0.1_BufStrat0 parameters=( alphaF=2 meanF=-0 nF=3 sigmaF=2 sigmaF_2=2 sosF=1 )
uid = 1 key=sigPass_sigPhysPass_CONV_sigResPass_CACHEHIST_Obs[x]_BufFrac0.1_BufStrat0 value=RooDataHist::sigPass_sigPhysPass_CONV_sigResPass_CACHEHIST_Obs[x]_BufFrac0.1_BufStrat0 parameters=( alphaP=2 meanP=-0 nP=3 sigmaP=1 sigmaP_2=1.5 sosP=1 )
 title :  -  -1.566 < #eta_{SC} < -1.444 -  15.000 < probe_Pho_et < 20.000
 **********
 **   13 **MIGRAD        3000           1
 **********
 FIRST CALL TO USER FUNCTION AT NEW START POINT, WITH IFLAG=4.
 START MIGRAD MINIMIZATION.  STRATEGY  1.  CONVERGENCE WHEN EDM .LT. 1.00e-03
 FCN=-2130.79 FROM MIGRAD    STATUS=INITIATE      121 CALLS         122 TOTAL
                     EDM= unknown      STRATEGY= 1      NO ERROR MATRIX       
  EXT PARAMETER               CURRENT GUESS       STEP         FIRST   
  NO.   NAME      VALUE            ERROR          SIZE      DERIVATIVE 
   1  alphaP       1.65720e+00   2.30000e-01   9.13736e-01  -2.56132e+00
   2  meanP        0.00000e+00   1.00000e+00   0.00000e+00   1.42903e+02
   3  nP           1.49961e-01   4.95000e-01   0.00000e+00  -3.66301e+01
   4  nSigP        9.05342e+02   1.50840e+02   0.00000e+00  -1.16249e+02
   5  sigmaP       5.99231e+00   1.50000e-01   0.00000e+00  -3.58163e+00
   6  sigmaP_2     1.50000e+00   5.00000e-01   0.00000e+00   3.46478e+01
                               ERR DEF= 0.5
 MIGRAD MINIMIZATION HAS CONVERGED.
 MIGRAD WILL VERIFY CONVERGENCE AND ERROR MATRIX.
 COVARIANCE MATRIX CALCULATED SUCCESSFULLY
 FCN=-2182.95 FROM MIGRAD    STATUS=CONVERGED     372 CALLS         373 TOTAL
                     EDM=0.000581968    STRATEGY= 1      ERROR MATRIX ACCURATE 
  EXT PARAMETER                                   STEP         FIRST   
  NO.   NAME      VALUE            ERROR          SIZE      DERIVATIVE 
   1  alphaP       1.20002e+00   2.99093e-01   2.36721e-02   9.77138e-03
   2  meanP       -3.92671e+00   5.80774e-01   2.65263e-03  -1.67008e-02
   3  nP           1.00076e+00   2.23125e-01   3.39838e-03   2.14549e-02
   4  nSigP        1.01730e+03   3.44994e+01   1.51348e-03   2.32482e-02
   5  sigmaP       5.99963e+00   6.71312e-01   2.36030e-02  -3.14580e-02
   6  sigmaP_2     3.95304e+00   5.11875e-01   2.74788e-03  -9.40743e-03
                               ERR DEF= 0.5
 EXTERNAL ERROR MATRIX.    NDIM=  26    NPAR=  6    ERR DEF=0.5
  1.982e-05 -7.770e-05 -1.590e-04  2.039e-03  5.326e-08  4.623e-05 
 -7.770e-05  3.413e-01 -1.741e-02  1.153e+00  2.338e-04 -2.687e-01 
 -1.590e-04 -1.741e-02  5.000e-02 -2.107e+00  6.691e-05  3.025e-03 
  2.039e-03  1.153e+00 -2.107e+00  1.191e+03 -1.206e-03 -6.908e-01 
  5.326e-08  2.338e-04  6.691e-05 -1.206e-03  1.047e-03 -1.309e-04 
  4.623e-05 -2.687e-01  3.025e-03 -6.908e-01 -1.309e-04  2.653e-01 
 PARAMETER  CORRELATION COEFFICIENTS  
       NO.  GLOBAL      1      2      3      4      5      6
        1  0.17801   1.000 -0.030 -0.160  0.013  0.000  0.020
        2  0.90026  -0.030  1.000 -0.133  0.057  0.012 -0.893
        3  0.39317  -0.160 -0.133  1.000 -0.273  0.009  0.026
        4  0.27711   0.013  0.057 -0.273  1.000 -0.001 -0.039
        5  0.01944   0.000  0.012  0.009 -0.001  1.000 -0.008
        6  0.89825   0.020 -0.893  0.026 -0.039 -0.008  1.000
 **********
 **   18 **HESSE        3000
 **********
 COVARIANCE MATRIX CALCULATED SUCCESSFULLY
 FCN=-2182.95 FROM HESSE     STATUS=OK             40 CALLS         413 TOTAL
