===> settings etc/config/settings_pho.py <===
import etc.config.settings_pho as tnpConf
[?1034h
[1mRooFit v3.60 -- Developed by Wouter Verkerke and David Kirkby[0m 
                Copyright (C) 2000-2013 NIKHEF, University of California & Stanford University
                All rights reserved, please read http://roofit.sourceforge.net/license.txt

===>  Output directory: 
results/Moriond17/tnpPhoID_Winter17MC//passingLoose80X/
**** name: data_Run2016H                                                                                        
  path    :  ['eos/cms/store/group/phys_egamma/tnp/80X/PhoEleIDs/Moriond17_v1/data/TnPTree_SingleElectron_2016prompt_RunH.root', 'eos/cms/store/group/phys_egamma/tnp/80X/PhoEleIDs/Moriond17_v1/data/TnPTree_SingleElectron_2016rereco_RunG.root', 'eos/cms/store/group/phys_egamma/tnp/80X/PhoEleIDs/Moriond17_v1/data/TnPTree_SingleElectron_2016rereco_RunF.root', 'eos/cms/store/group/phys_egamma/tnp/80X/PhoEleIDs/Moriond17_v1/data/TnPTree_SingleElectron_2016rereco_RunE.root', 'eos/cms/store/group/phys_egamma/tnp/80X/PhoEleIDs/Moriond17_v1/data/TnPTree_SingleElectron_2016rereco_RunD.root', 'eos/cms/store/group/phys_egamma/tnp/80X/PhoEleIDs/Moriond17_v1/data/TnPTree_SingleElectron_2016rereco_RunC.root', 'eos/cms/store/group/phys_egamma/tnp/80X/PhoEleIDs/Moriond17_v1/data/TnPTree_SingleElectron_2016rereco_RunB.root']
  tnpTree :  GsfElectronToPhoID
   --- Data sample --- 
  lumi     :  36.212

RooWorkspace(w) w contents

variables
---------
(alphaF,alphaP,eff,meanF,meanP,nBkgF,nBkgP,nSigF,nSigP,sigmaF,sigmaP,x)

p.d.f.s
-------
RooExponential::bkgFail[ x=x c=alphaF ] = 1
RooExponential::bkgPass[ x=x c=alphaP ] = 1
RooAddPdf::pdfFail[ nSigF * sigFail + nBkgF * bkgFail ] = 10.2682
RooAddPdf::pdfPass[ nSigP * sigPass + nBkgP * bkgPass ] = 12.7131
RooFFTConvPdf::sigFail[ sigPhysFail(x) (*) sigResFail(x) ] = 0.0665184
RooFFTConvPdf::sigPass[ sigPhysPass(x) (*) sigResPass(x) ] = 0.0818581
RooHistPdf::sigPhysFail[ pdfObs=(x) ] = 135.876
RooHistPdf::sigPhysPass[ pdfObs=(x) ] = 438.426
RooGaussian::sigResFail[ x=x mean=meanF sigma=sigmaF ] = 0
RooGaussian::sigResPass[ x=x mean=meanP sigma=sigmaP ] = 0

datasets
--------
RooDataHist::hPass(x)
RooDataHist::hFail(x)
RooDataHist::hGenZPass(x)
RooDataHist::hGenZFail(x)

embedded precalculated expensive components
-------------------------------------------
uid = 0 key=sigFail_sigPhysFail_CONV_sigResFail_CACHEHIST_Obs[x]_BufFrac0.1_BufStrat0 value=RooDataHist::sigFail_sigPhysFail_CONV_sigResFail_CACHEHIST_Obs[x]_BufFrac0.1_BufStrat0 parameters=( meanF=-0 sigmaF=0.9 )
uid = 1 key=sigPass_sigPhysPass_CONV_sigResPass_CACHEHIST_Obs[x]_BufFrac0.1_BufStrat0 value=RooDataHist::sigPass_sigPhysPass_CONV_sigResPass_CACHEHIST_Obs[x]_BufFrac0.1_BufStrat0 parameters=( meanP=-0 sigmaP=0.9 )
 title :  -  -2.500 < #eta_{SC} < -2.000 -  15.000 < probe_Pho_et < 20.000
 **********
 **   13 **MIGRAD        2500           1
 **********
 FIRST CALL TO USER FUNCTION AT NEW START POINT, WITH IFLAG=4.
 START MIGRAD MINIMIZATION.  STRATEGY  1.  CONVERGENCE WHEN EDM .LT. 1.00e-03
 FCN=-113001 FROM MIGRAD    STATUS=INITIATE       22 CALLS          23 TOTAL
                     EDM= unknown      STRATEGY= 1      NO ERROR MATRIX       
  EXT PARAMETER               CURRENT GUESS       STEP         FIRST   
  NO.   NAME      VALUE            ERROR          SIZE      DERIVATIVE 
   1  alphaP       0.00000e+00   1.00000e+00   2.01358e-01   2.62124e+04
   2  meanP        0.00000e+00   1.00000e+00   2.01358e-01   3.10076e+02
   3  nBkgP        2.05090e+03   1.02520e+03   1.38130e-01  -3.25127e+02
   4  nSigP        1.84581e+04   3.07630e+03   2.05758e-01  -9.50894e+02
   5  sigmaP       9.00000e-01   2.00000e-01   1.61380e-01  -1.62161e+02
                               ERR DEF= 0.5
 MIGRAD MINIMIZATION HAS CONVERGED.
 MIGRAD WILL VERIFY CONVERGENCE AND ERROR MATRIX.
 COVARIANCE MATRIX CALCULATED SUCCESSFULLY
 FCN=-113171 FROM MIGRAD    STATUS=CONVERGED     142 CALLS         143 TOTAL
                     EDM=2.23883e-05    STRATEGY= 1      ERROR MATRIX ACCURATE 
  EXT PARAMETER                                   STEP         FIRST   
  NO.   NAME      VALUE            ERROR          SIZE      DERIVATIVE 
   1  alphaP      -2.73303e-02   2.12651e-03   9.30079e-05   1.38822e-01
   2  meanP       -7.11924e-02   3.78711e-02   1.72344e-03  -1.99409e-01
   3  nBkgP        2.86118e+03   1.51805e+02   3.22294e-03  -1.79564e-01
   4  nSigP        1.92931e+04   1.70137e+02   2.30524e-03  -4.00490e-01
   5  sigmaP       1.61905e+00   7.11230e-02   8.10124e-03   5.54405e-02
                               ERR DEF= 0.5
 EXTERNAL ERROR MATRIX.    NDIM=  25    NPAR=  5    ERR DEF=0.5
  4.522e-06 -1.132e-05 -8.664e-02  1.042e-02  5.874e-06 
 -1.132e-05  1.434e-03  4.379e-01 -2.582e-01  3.738e-04 
 -8.664e-02  4.379e-01  2.305e+04 -1.254e+04  2.625e+00 
  1.042e-02 -2.582e-01 -1.254e+04  2.895e+04 -1.866e+00 
  5.874e-06  3.738e-04  2.625e+00 -1.866e+00  5.061e-03 
 PARAMETER  CORRELATION COEFFICIENTS  
       NO.  GLOBAL      1      2      3      4      5
        1  0.33784   1.000 -0.141 -0.268  0.029  0.039
        2  0.20202  -0.141  1.000  0.076 -0.040  0.139
        3  0.57740  -0.268  0.076  1.000 -0.485  0.243
        4  0.49754   0.029 -0.040 -0.485  1.000 -0.154
        5  0.29946   0.039  0.139  0.243 -0.154  1.000
 **********
 **   18 **HESSE        2500
 **********
 COVARIANCE MATRIX CALCULATED SUCCESSFULLY
 FCN=-113171 FROM HESSE     STATUS=OK             31 CALLS         174 TOTAL
                     EDM=2.23351e-05    STRATEGY= 1      ERROR MATRIX ACCURATE 
  EXT PARAMETER                                INTERNAL      INTERNAL  
  NO.   NAME      VALUE            ERROR       STEP SIZE       VALUE   
   1  alphaP      -2.73303e-02   2.12140e-03   3.72032e-06  -5.46609e-03
   2  meanP       -7.11924e-02   3.78723e-02   3.44689e-04  -1.42390e-02
   3  nBkgP        2.86118e+03   1.51497e+02   1.28918e-04  -9.51036e-01
   4  nSigP        1.92931e+04   1.70201e+02   4.61048e-04   2.57097e-01
   5  sigmaP       1.61905e+00   7.11666e-02   3.24050e-04   1.62346e+01
                               ERR DEF= 0.5
 EXTERNAL ERROR MATRIX.    NDIM=  25    NPAR=  5    ERR DEF=0.5
  4.500e-06 -1.121e-05 -8.316e-02  8.012e-03  6.359e-06 
 -1.121e-05  1.434e-03  4.289e-01 -2.528e-01  3.763e-04 
 -8.316e-02  4.289e-01  2.295e+04 -1.252e+04  2.634e+00 
  8.012e-03 -2.528e-01 -1.252e+04  2.897e+04 -1.880e+00 
  6.359e-06  3.763e-04  2.634e+00 -1.880e+00  5.067e-03 
 PARAMETER  CORRELATION COEFFICIENTS  
       NO.  GLOBAL      1      2      3      4      5
        1  0.33150   1.000 -0.140 -0.259  0.022  0.042
        2  0.20217  -0.140  1.000  0.075 -0.039  0.140
        3  0.57505  -0.259  0.075  1.000 -0.486  0.244
        4  0.49811   0.022 -0.039 -0.486  1.000 -0.155
        5  0.30132   0.042  0.140  0.244 -0.155  1.000
 **********
 **   23 **HESSE        2500
 **********
 COVARIANCE MATRIX CALCULATED SUCCESSFULLY
 FCN=-113171 FROM HESSE     STATUS=OK             31 CALLS         205 TOTAL
                     EDM=2.23321e-05    STRATEGY= 1      ERROR MATRIX ACCURATE 
  EXT PARAMETER                                INTERNAL      INTERNAL  
  NO.   NAME      VALUE            ERROR       STEP SIZE       VALUE   
   1  alphaP      -2.73303e-02   2.12125e-03   7.44063e-07  -5.46609e-03
   2  meanP       -7.11924e-02   3.78734e-02   6.89377e-05  -1.42390e-02
   3  nBkgP        2.86118e+03   1.51497e+02   2.57836e-05  -9.51036e-01
   4  nSigP        1.92931e+04   1.70216e+02   9.22096e-05   2.57097e-01
   5  sigmaP       1.61905e+00   7.11703e-02   6.48099e-05   1.62346e+01
                               ERR DEF= 0.5
 EXTERNAL ERROR MATRIX.    NDIM=  25    NPAR=  5    ERR DEF=0.5
  4.500e-06 -1.121e-05 -8.305e-02  7.935e-03  6.370e-06 
 -1.121e-05  1.434e-03  4.287e-01 -2.527e-01  3.769e-04 
 -8.305e-02  4.287e-01  2.295e+04 -1.253e+04  2.635e+00 
  7.935e-03 -2.527e-01 -1.253e+04  2.897e+04 -1.881e+00 
  6.370e-06  3.769e-04  2.635e+00 -1.881e+00  5.067e-03 
 PARAMETER  CORRELATION COEFFICIENTS  
       NO.  GLOBAL      1      2      3      4      5
        1  0.33131   1.000 -0.139 -0.258  0.022  0.042
        2  0.20231  -0.139  1.000  0.075 -0.039  0.140
        3  0.57506  -0.258  0.075  1.000 -0.486  0.244
        4  0.49824   0.022 -0.039 -0.486  1.000 -0.155
        5  0.30148   0.042  0.140  0.244 -0.155  1.000
 **********
 **   13 **MIGRAD        2500           1
 **********
 FIRST CALL TO USER FUNCTION AT NEW START POINT, WITH IFLAG=4.
 START MIGRAD MINIMIZATION.  STRATEGY  1.  CONVERGENCE WHEN EDM .LT. 1.00e-03
 FCN=-197104 FROM MIGRAD    STATUS=INITIATE       41 CALLS          42 TOTAL
                     EDM= unknown      STRATEGY= 1      NO ERROR MATRIX       
  EXT PARAMETER               CURRENT GUESS       STEP         FIRST   
  NO.   NAME      VALUE            ERROR          SIZE      DERIVATIVE 
   1  alphaF       0.00000e+00   1.00000e+00   0.00000e+00  -1.05757e+05
   2  meanF        0.00000e+00   1.00000e+00   0.00000e+00   9.12053e+02
   3  nBkgF        3.67680e+03   1.83815e+03   0.00000e+00  -8.87886e+03
   4  nSigF        3.30912e+04   5.51515e+03   0.00000e+00  -1.64833e+02
   5  sigmaF       4.85715e+00   1.61905e-01   2.52722e+00  -2.16852e+00
                               ERR DEF= 0.5
 MIGRAD MINIMIZATION HAS CONVERGED.
 FCN=-203295 FROM MIGRAD    STATUS=CONVERGED     181 CALLS         182 TOTAL
                     EDM=2.31221e-05    STRATEGY= 1  ERROR MATRIX UNCERTAINTY   3.9 per cent
  EXT PARAMETER                                   STEP         FIRST   
  NO.   NAME      VALUE            ERROR          SIZE      DERIVATIVE 
   1  alphaF      -2.33694e-02   4.30273e-04  -4.61597e-06   1.36251e+01
   2  meanF       -3.31246e-01   1.29192e-01   1.07291e-03   5.54118e-02
   3  nBkgF        3.54029e+04   3.79950e+02  -5.59348e-05   4.60367e-01
   4  nSigF        1.24280e+04   2.37734e+02   1.19577e-04   3.75802e-01
   5  sigmaF       4.85716e+00   7.48145e-04   8.70039e-05** at limit **
                               ERR DEF= 0.5
 EXTERNAL ERROR MATRIX.    NDIM=  25    NPAR=  5    ERR DEF=0.5
  1.851e-07 -1.700e-05 -3.540e-02  2.155e-03 -8.408e-10 
 -1.700e-05  1.669e-02  6.360e+00 -2.767e+00  1.424e-07 
 -3.540e-02  6.360e+00  1.444e+05 -5.976e+04 -4.586e-05 
  2.155e-03 -2.767e+00 -5.976e+04  5.652e+04  1.249e-04 
 -8.408e-10  1.424e-07 -4.586e-05  1.249e-04  1.439e-09 
 PARAMETER  CORRELATION COEFFICIENTS  
       NO.  GLOBAL      1      2      3      4      5
        1  0.39257   1.000 -0.306 -0.217  0.021 -0.052
        2  0.31754  -0.306  1.000  0.130 -0.090  0.029
        3  0.69200  -0.217  0.130  1.000 -0.662 -0.003
        4  0.67466   0.021 -0.090 -0.662  1.000  0.014
        5  0.05615  -0.052  0.029 -0.003  0.014  1.000
 **********
 **   18 **HESSE        2500
 **********
 MINUIT WARNING IN HESSE   
 ============== Negative diagonal element 5 in Error Matrix
 MINUIT WARNING IN HESSE   
 ============== 176.155 added to diagonal of error matrix
 COVARIANCE MATRIX CALCULATED SUCCESSFULLY
 FCN=-203295 FROM HESSE     STATUS=OK             33 CALLS         215 TOTAL
                     EDM=0.0166172    STRATEGY= 1      ERROR MATRIX ACCURATE 
  EXT PARAMETER                                INTERNAL      INTERNAL  
  NO.   NAME      VALUE            ERROR       STEP SIZE       VALUE   
   1  alphaF      -2.33694e-02   4.27572e-04   2.45889e-05  -4.67390e-03
   2  meanF       -3.31246e-01   1.21677e-01   7.62162e-03  -6.62977e-02
   3  nBkgF        3.54029e+04   3.57455e+02   3.07678e-03   2.87780e-01
   4  nSigF        1.24280e+04   2.32619e+02   2.33696e-03  -5.81563e-01
   5  sigmaF       4.85716e+00   2.19081e+00   2.35221e-02   1.57153e+00
                                 WARNING -   - ABOVE PARAMETER IS AT LIMIT.
                               ERR DEF= 0.5
 EXTERNAL ERROR MATRIX.    NDIM=  25    NPAR=  5    ERR DEF=0.5
  1.828e-07 -1.500e-05 -3.242e-02  1.252e-03  3.907e-09 
 -1.500e-05  1.481e-02  4.484e+00 -2.267e+00  2.547e-06 
 -3.242e-02  4.484e+00  1.278e+05 -5.472e+04  1.859e-02 
  1.252e-03 -2.267e+00 -5.472e+04  5.411e+04 -1.485e-02 
  3.907e-09  2.547e-06  1.859e-02 -1.485e-02  1.718e-06 
 PARAMETER  CORRELATION COEFFICIENTS  
       NO.  GLOBAL      1      2      3      4      5
        1  0.38321   1.000 -0.288 -0.212  0.013  0.007
        2  0.29883  -0.288  1.000  0.103 -0.080  0.016
        3  0.68899  -0.212  0.103  1.000 -0.658  0.040
        4  0.67287   0.013 -0.080 -0.658  1.000 -0.049
        5  0.05307   0.007  0.016  0.040 -0.049  1.000
 **********
 **   23 **HESSE        2500
 **********
 MINUIT WARNING IN HESSE   
 ============== Negative diagonal element 5 in Error Matrix
 MINUIT WARNING IN HESSE   
 ============== 176.169 added to diagonal of error matrix
 COVARIANCE MATRIX CALCULATED SUCCESSFULLY
 FCN=-203295 FROM HESSE     STATUS=OK             31 CALLS         246 TOTAL
                     EDM=0.0165947    STRATEGY= 1      ERROR MATRIX ACCURATE 
  EXT PARAMETER                                INTERNAL      INTERNAL  
  NO.   NAME      VALUE            ERROR       STEP SIZE       VALUE   
   1  alphaF      -2.33694e-02   4.27591e-04   4.91779e-06  -4.67390e-03
   2  meanF       -3.31246e-01   1.21650e-01   1.52432e-03  -6.62977e-02
   3  nBkgF        3.54029e+04   3.57800e+02   1.23071e-04   2.87780e-01
   4  nSigF        1.24280e+04   2.32803e+02   4.67393e-04  -5.81563e-01
   5  sigmaF       4.85716e+00   2.18982e+00   4.70443e-03   1.57153e+00
                                 WARNING -   - ABOVE PARAMETER IS AT LIMIT.
                               ERR DEF= 0.5
 EXTERNAL ERROR MATRIX.    NDIM=  25    NPAR=  5    ERR DEF=0.5
  1.828e-07 -1.501e-05 -3.231e-02  1.141e-03  9.499e-10 
 -1.501e-05  1.480e-02  4.396e+00 -2.194e+00  6.501e-07 
 -3.231e-02  4.396e+00  1.280e+05 -5.489e+04  4.611e-03 
  1.141e-03 -2.194e+00 -5.489e+04  5.420e+04 -3.673e-03 
  9.499e-10  6.501e-07  4.611e-03 -3.673e-03  1.713e-06 
 PARAMETER  CORRELATION COEFFICIENTS  
       NO.  GLOBAL      1      2      3      4      5
        1  0.38331   1.000 -0.289 -0.211  0.011  0.002
        2  0.29818  -0.289  1.000  0.101 -0.077  0.004
        3  0.68972  -0.211  0.101  1.000 -0.659  0.010
        4  0.67351   0.011 -0.077 -0.659  1.000 -0.012
        5  0.01318   0.002  0.004  0.010 -0.012  1.000

RooWorkspace(w) w contents

variables
---------
(alphaF,alphaP,eff,meanF,meanP,nBkgF,nBkgP,nSigF,nSigP,sigmaF,sigmaP,x)

p.d.f.s
-------
RooExponential::bkgFail[ x=x c=alphaF ] = 1
RooExponential::bkgPass[ x=x c=alphaP ] = 1
RooAddPdf::pdfFail[ nSigF * sigFail + nBkgF * bkgFail ] = 8.14478
RooAddPdf::pdfPass[ nSigP * sigPass + nBkgP * bkgPass ] = 9.80785
RooFFTConvPdf::sigFail[ sigPhysFail(x) (*) sigResFail(x) ] = 0.0520921
RooFFTConvPdf::sigPass[ sigPhysPass(x) (*) sigResPass(x) ] = 0.0630438
RooHistPdf::sigPhysFail[ pdfObs=(x) ] = 98.9559
RooHistPdf::sigPhysPass[ pdfObs=(x) ] = 378.054
RooGaussian::sigResFail[ x=x mean=meanF sigma=sigmaF ] = 0
RooGaussian::sigResPass[ x=x mean=meanP sigma=sigmaP ] = 0

datasets
--------
RooDataHist::hPass(x)
RooDataHist::hFail(x)
RooDataHist::hGenZPass(x)
RooDataHist::hGenZFail(x)

embedded precalculated expensive components
-------------------------------------------
uid = 0 key=sigFail_sigPhysFail_CONV_sigResFail_CACHEHIST_Obs[x]_BufFrac0.1_BufStrat0 value=RooDataHist::sigFail_sigPhysFail_CONV_sigResFail_CACHEHIST_Obs[x]_BufFrac0.1_BufStrat0 parameters=( meanF=-0 sigmaF=0.9 )
uid = 1 key=sigPass_sigPhysPass_CONV_sigResPass_CACHEHIST_Obs[x]_BufFrac0.1_BufStrat0 value=RooDataHist::sigPass_sigPhysPass_CONV_sigResPass_CACHEHIST_Obs[x]_BufFrac0.1_BufStrat0 parameters=( meanP=-0 sigmaP=0.9 )
 title :  -  -2.000 < #eta_{SC} < -1.566 -  15.000 < probe_Pho_et < 20.000
 **********
 **   13 **MIGRAD        2500           1
 **********
 FIRST CALL TO USER FUNCTION AT NEW START POINT, WITH IFLAG=4.
 START MIGRAD MINIMIZATION.  STRATEGY  1.  CONVERGENCE WHEN EDM .LT. 1.00e-03
 FCN=-118428 FROM MIGRAD    STATUS=INITIATE       24 CALLS          25 TOTAL
                     EDM= unknown      STRATEGY= 1      NO ERROR MATRIX       
  EXT PARAMETER               CURRENT GUESS       STEP         FIRST   
  NO.   NAME      VALUE            ERROR          SIZE      DERIVATIVE 
   1  alphaP       0.00000e+00   1.00000e+00   2.01358e-01   3.67130e+04
   2  meanP        0.00000e+00   1.00000e+00   2.01358e-01   5.61323e+02
   3  nBkgP        2.14960e+03   1.07455e+03   1.38131e-01  -1.11148e+02
   4  nSigP        1.93464e+04   3.22435e+03   2.05758e-01  -1.14072e+03
   5  sigmaP       9.00000e-01   2.00000e-01   1.61380e-01  -8.69165e+01
                               ERR DEF= 0.5
 MIGRAD MINIMIZATION HAS CONVERGED.
 MIGRAD WILL VERIFY CONVERGENCE AND ERROR MATRIX.
 COVARIANCE MATRIX CALCULATED SUCCESSFULLY
 FCN=-118646 FROM MIGRAD    STATUS=CONVERGED     169 CALLS         170 TOTAL
                     EDM=2.70929e-06    STRATEGY= 1      ERROR MATRIX ACCURATE 
  EXT PARAMETER                                   STEP         FIRST   
  NO.   NAME      VALUE            ERROR          SIZE      DERIVATIVE 
   1  alphaP      -3.52774e-02   2.11376e-03   9.32678e-05   1.24017e+00
   2  meanP       -1.43265e-01   4.30916e-02   1.98081e-03  -7.86557e-02
   3  nBkgP        3.20144e+03   1.63664e+02   3.25301e-03  -3.79616e-03
   4  nSigP        2.03075e+04   1.74255e+02   2.32055e-03  -7.63739e-02
   5  sigmaP       1.54908e+00   9.14864e-02   1.07096e-02  -2.29330e-02
                               ERR DEF= 0.5
 EXTERNAL ERROR MATRIX.    NDIM=  25    NPAR=  5    ERR DEF=0.5
  4.468e-06 -1.304e-05 -1.017e-01  3.681e-03 -9.922e-06 
 -1.304e-05  1.857e-03  1.017e+00 -5.554e-01 -7.967e-04 
 -1.017e-01  1.017e+00  2.679e+04 -1.342e+04 -4.086e+00 
  3.681e-03 -5.554e-01 -1.342e+04  3.037e+04  2.679e+00 
 -9.922e-06 -7.967e-04 -4.086e+00  2.679e+00  8.376e-03 
 PARAMETER  CORRELATION COEFFICIENTS  
       NO.  GLOBAL      1      2      3      4      5
        1  0.37506   1.000 -0.143 -0.294  0.010 -0.051
        2  0.25860  -0.143  1.000  0.144 -0.074 -0.202
        3  0.59250  -0.294  0.144  1.000 -0.471 -0.273
        4  0.49026   0.010 -0.074 -0.471  1.000  0.168
        5  0.35518  -0.051 -0.202 -0.273  0.168  1.000
 **********
 **   18 **HESSE        2500
 **********
 COVARIANCE MATRIX CALCULATED SUCCESSFULLY
 FCN=-118646 FROM HESSE     STATUS=OK             31 CALLS         201 TOTAL
                     EDM=2.71838e-06    STRATEGY= 1      ERROR MATRIX ACCURATE 
  EXT PARAMETER                                INTERNAL      INTERNAL  
  NO.   NAME      VALUE            ERROR       STEP SIZE       VALUE   
   1  alphaP      -3.52774e-02   2.10814e-03   3.73071e-06  -7.05554e-03
   2  meanP       -1.43265e-01   4.30824e-02   3.96162e-04  -2.86569e-02
   3  nBkgP        3.20144e+03   1.63197e+02   1.30120e-04  -9.29719e-01
   4  nSigP        2.03075e+04   1.74314e+02   9.28220e-05   2.62613e-01
   5  sigmaP       1.54908e+00   9.14822e-02   4.28385e-04   5.72016e+00
                               ERR DEF= 0.5
 EXTERNAL ERROR MATRIX.    NDIM=  25    NPAR=  5    ERR DEF=0.5
  4.444e-06 -1.282e-05 -9.798e-02  1.387e-03 -1.059e-05 
 -1.282e-05  1.856e-03  1.000e+00 -5.478e-01 -7.968e-04 
 -9.798e-02  1.000e+00  2.664e+04 -1.339e+04 -4.061e+00 
  1.387e-03 -5.478e-01 -1.339e+04  3.039e+04  2.677e+00 
 -1.059e-05 -7.968e-04 -4.061e+00  2.677e+00  8.375e-03 
 PARAMETER  CORRELATION COEFFICIENTS  
       NO.  GLOBAL      1      2      3      4      5
        1  0.36891   1.000 -0.141 -0.285  0.004 -0.055
        2  0.25783  -0.141  1.000  0.142 -0.073 -0.202
        3  0.58935  -0.285  0.142  1.000 -0.471 -0.272
        4  0.49078   0.004 -0.073 -0.471  1.000  0.168
        5  0.35504  -0.055 -0.202 -0.272  0.168  1.000
 **********
 **   23 **HESSE        2500
 **********
 COVARIANCE MATRIX CALCULATED SUCCESSFULLY
 FCN=-118646 FROM HESSE     STATUS=OK             31 CALLS         232 TOTAL
                     EDM=2.71859e-06    STRATEGY= 1      ERROR MATRIX ACCURATE 
  EXT PARAMETER                                INTERNAL      INTERNAL  
  NO.   NAME      VALUE            ERROR       STEP SIZE       VALUE   
   1  alphaP      -3.52774e-02   2.10795e-03   7.46142e-07  -7.05554e-03
   2  meanP       -1.43265e-01   4.30836e-02   7.92324e-05  -2.86569e-02
   3  nBkgP        3.20144e+03   1.63179e+02   2.60241e-05  -9.29719e-01
   4  nSigP        2.03075e+04   1.74314e+02   1.85644e-05   2.62613e-01
   5  sigmaP       1.54908e+00   9.14849e-02   8.56770e-05   5.72016e+00
                               ERR DEF= 0.5
 EXTERNAL ERROR MATRIX.    NDIM=  25    NPAR=  5    ERR DEF=0.5
  4.443e-06 -1.281e-05 -9.785e-02  1.308e-03 -1.060e-05 
 -1.281e-05  1.856e-03  9.999e-01 -5.475e-01 -7.975e-04 
 -9.785e-02  9.999e-01  2.663e+04 -1.339e+04 -4.061e+00 
  1.308e-03 -5.475e-01 -1.339e+04  3.039e+04  2.677e+00 
 -1.060e-05 -7.975e-04 -4.061e+00  2.677e+00  8.376e-03 
 PARAMETER  CORRELATION COEFFICIENTS  
       NO.  GLOBAL      1      2      3      4      5
        1  0.36871   1.000 -0.141 -0.284  0.004 -0.055
        2  0.25793  -0.141  1.000  0.142 -0.073 -0.202
        3  0.58924  -0.284  0.142  1.000 -0.471 -0.272
        4  0.49078   0.004 -0.073 -0.471  1.000  0.168
        5  0.35511  -0.055 -0.202 -0.272  0.168  1.000
 **********
 **   13 **MIGRAD        2500           1
 **********
 FIRST CALL TO USER FUNCTION AT NEW START POINT, WITH IFLAG=4.
 START MIGRAD MINIMIZATION.  STRATEGY  1.  CONVERGENCE WHEN EDM .LT. 1.00e-03
 FCN=-214284 FROM MIGRAD    STATUS=INITIATE       24 CALLS          25 TOTAL
                     EDM= unknown      STRATEGY= 1      NO ERROR MATRIX       
  EXT PARAMETER               CURRENT GUESS       STEP         FIRST   
  NO.   NAME      VALUE            ERROR          SIZE      DERIVATIVE 
   1  alphaF       0.00000e+00   1.00000e+00   2.01358e-01  -1.75509e+05
   2  meanF        0.00000e+00   1.00000e+00   2.01358e-01   7.14442e+02
   3  nBkgF        3.94880e+03   1.97415e+03   1.38138e-01  -1.12694e+04
   4  nSigF        3.55392e+04   5.92315e+03   2.05758e-01  -8.70352e+01
   5  sigmaF       1.54908e+00   1.54908e-01   1.63378e-01  -3.51305e+02
                               ERR DEF= 0.5
 MINUIT WARNING IN MIGRAD  
 ============== Negative diagonal element 2 in Error Matrix
 MINUIT WARNING IN MIGRAD  
 ============== Negative diagonal element 5 in Error Matrix
 MINUIT WARNING IN MIGRAD  
 ============== 14.6838 added to diagonal of error matrix
 MIGRAD FAILS TO FIND IMPROVEMENT
 COVARIANCE MATRIX CALCULATED SUCCESSFULLY
 FCN=-221833 FROM HESSE     STATUS=OK             33 CALLS         390 TOTAL
                     EDM=0.00191262    STRATEGY= 1      ERROR MATRIX ACCURATE 
  EXT PARAMETER                                   STEP         FIRST   
  NO.   NAME      VALUE            ERROR          SIZE      DERIVATIVE 
   1  alphaF      -2.61662e-02   3.95956e-04   2.36063e-05  -6.45313e+01
   2  meanF       -2.39057e-01   1.16833e-01   7.32462e-03  -1.92538e+00
   3  nBkgF        4.12034e+04   3.97130e+02   3.30316e-03  -1.84249e+00
   4  nSigF        1.15432e+04   2.47802e+02   2.42961e-03   8.36561e-01
   5  sigmaF       1.28569e+00   1.99105e-01   1.50812e-01  -6.73427e-02
                               ERR DEF= 0.5
 MIGRAD FAILS TO FIND IMPROVEMENT
 MACHINE ACCURACY LIMITS FURTHER IMPROVEMENT.
 MIGRAD MINIMIZATION HAS CONVERGED.
 MIGRAD WILL VERIFY CONVERGENCE AND ERROR MATRIX.
 COVARIANCE MATRIX CALCULATED SUCCESSFULLY
 FCN=-221833 FROM MIGRAD    STATUS=CONVERGED     450 CALLS         451 TOTAL
                     EDM=4.78105e-06    STRATEGY= 1      ERROR MATRIX ACCURATE 
  EXT PARAMETER                                   STEP         FIRST   
  NO.   NAME      VALUE            ERROR          SIZE      DERIVATIVE 
   1  alphaF      -2.61725e-02   3.95815e-04   2.36061e-05  -9.07488e+00
   2  meanF       -2.33418e-01   1.16847e-01   7.32469e-03   1.27292e-03
   3  nBkgF        4.12140e+04   3.96014e+02   3.30312e-03  -5.54990e-02
   4  nSigF        1.15386e+04   2.46625e+02   2.42962e-03   1.49546e-01
   5  sigmaF       1.29082e+00   1.84017e-01   1.43735e-01  -2.88330e-03
                               ERR DEF= 0.5
 EXTERNAL ERROR MATRIX.    NDIM=  25    NPAR=  5    ERR DEF=0.5
  1.567e-07 -1.200e-05 -3.819e-02  2.908e-03 -5.996e-06 
 -1.200e-05  1.366e-02  3.959e+00 -1.826e+00  1.089e-03 
 -3.819e-02  3.959e+00  1.568e+05 -6.605e+04 -1.873e+01 
  2.908e-03 -1.826e+00 -6.605e+04  6.083e+04  1.457e+01 
 -5.996e-06  1.089e-03 -1.873e+01  1.457e+01  3.634e-02 
 PARAMETER  CORRELATION COEFFICIENTS  
       NO.  GLOBAL      1      2      3      4      5
        1  0.39928   1.000 -0.259 -0.244  0.030 -0.079
        2  0.27022  -0.259  1.000  0.086 -0.063  0.049
        3  0.71504  -0.244  0.086  1.000 -0.676 -0.248
        4  0.70360   0.030 -0.063 -0.676  1.000  0.310
        5  0.33598  -0.079  0.049 -0.248  0.310  1.000
 **********
 **   18 **HESSE        2500
 **********
 COVARIANCE MATRIX CALCULATED SUCCESSFULLY
 FCN=-221833 FROM HESSE     STATUS=OK             35 CALLS         486 TOTAL
                     EDM=0.000548433    STRATEGY= 1      ERROR MATRIX ACCURATE 
  EXT PARAMETER                                INTERNAL      INTERNAL  
  NO.   NAME      VALUE            ERROR       STEP SIZE       VALUE   
   1  alphaF      -2.61725e-02   3.95756e-04   4.72122e-06  -5.23453e-03
   2  meanF       -2.33418e-01   1.16798e-01   2.92987e-04  -4.67006e-02
   3  nBkgF        4.12140e+04   4.06644e+02   1.32125e-04   4.02378e-01
   4  nSigF        1.15386e+04   2.56335e+02   4.85923e-04  -6.56575e-01
   5  sigmaF       1.29082e+00   1.55135e-01   5.00000e-01  -1.32418e+00
                               ERR DEF= 0.5
 EXTERNAL ERROR MATRIX.    NDIM=  25    NPAR=  5    ERR DEF=0.5
  1.566e-07 -1.165e-05 -3.712e-02  2.066e-03 -4.871e-06 
 -1.165e-05  1.364e-02  5.121e+00 -2.723e+00 -8.328e-04 
 -3.712e-02  5.121e+00  1.654e+05 -7.253e+04 -2.114e+01 
  2.066e-03 -2.723e+00 -7.253e+04  6.571e+04  1.631e+01 
 -4.871e-06 -8.328e-04 -2.114e+01  1.631e+01  2.527e-02 
 PARAMETER  CORRELATION COEFFICIENTS  
       NO.  GLOBAL      1      2      3      4      5
        1  0.39896   1.000 -0.252 -0.231  0.020 -0.077
        2  0.26880  -0.252  1.000  0.108 -0.091 -0.045
        3  0.73246  -0.231  0.108  1.000 -0.696 -0.327
        4  0.72978   0.020 -0.091 -0.696  1.000  0.400
        5  0.42204  -0.077 -0.045 -0.327  0.400  1.000
 **********
 **   23 **HESSE        2500
 **********
 COVARIANCE MATRIX CALCULATED SUCCESSFULLY
 FCN=-221833 FROM HESSE     STATUS=OK             35 CALLS         521 TOTAL
                     EDM=0.000548458    STRATEGY= 1      ERROR MATRIX ACCURATE 
  EXT PARAMETER                                INTERNAL      INTERNAL  
  NO.   NAME      VALUE            ERROR       STEP SIZE       VALUE   
   1  alphaF      -2.61725e-02   3.95760e-04   9.44244e-07  -5.23453e-03
   2  meanF       -2.33418e-01   1.16798e-01   5.85975e-05  -4.67006e-02
   3  nBkgF        4.12140e+04   4.06691e+02   2.64250e-05   4.02378e-01
   4  nSigF        1.15386e+04   2.56371e+02   9.71846e-05  -6.56575e-01
   5  sigmaF       1.29082e+00   1.55137e-01   5.00000e-01  -1.32418e+00
                               ERR DEF= 0.5
 EXTERNAL ERROR MATRIX.    NDIM=  25    NPAR=  5    ERR DEF=0.5
  1.566e-07 -1.165e-05 -3.709e-02  2.037e-03 -4.880e-06 
 -1.165e-05  1.364e-02  5.115e+00 -2.718e+00 -8.323e-04 
 -3.709e-02  5.115e+00  1.654e+05 -7.255e+04 -2.114e+01 
  2.037e-03 -2.718e+00 -7.255e+04  6.573e+04  1.631e+01 
 -4.880e-06 -8.323e-04 -2.114e+01  1.631e+01  2.527e-02 
 PARAMETER  CORRELATION COEFFICIENTS  
       NO.  GLOBAL      1      2      3      4      5
        1  0.39898   1.000 -0.252 -0.230  0.020 -0.078
        2  0.26877  -0.252  1.000  0.108 -0.091 -0.045
        3  0.73254  -0.230  0.108  1.000 -0.696 -0.327
        4  0.72987   0.020 -0.091 -0.696  1.000  0.400
        5  0.42207  -0.078 -0.045 -0.327  0.400  1.000

RooWorkspace(w) w contents

variables
---------
(alphaF,alphaP,eff,meanF,meanP,nBkgF,nBkgP,nSigF,nSigP,sigmaF,sigmaP,x)

p.d.f.s
-------
RooExponential::bkgFail[ x=x c=alphaF ] = 1
RooExponential::bkgPass[ x=x c=alphaP ] = 1
RooAddPdf::pdfFail[ nSigF * sigFail + nBkgF * bkgFail ] = 1.54981
RooAddPdf::pdfPass[ nSigP * sigPass + nBkgP * bkgPass ] = 5.84235
RooFFTConvPdf::sigFail[ sigPhysFail(x) (*) sigResFail(x) ] = 0.00957722
RooFFTConvPdf::sigPass[ sigPhysPass(x) (*) sigResPass(x) ] = 0.0379248
RooHistPdf::sigPhysFail[ pdfObs=(x) ] = 12.7953
RooHistPdf::sigPhysPass[ pdfObs=(x) ] = 52.8034
RooGaussian::sigResFail[ x=x mean=meanF sigma=sigmaF ] = 0
RooGaussian::sigResPass[ x=x mean=meanP sigma=sigmaP ] = 0

datasets
--------
RooDataHist::hPass(x)
RooDataHist::hFail(x)
RooDataHist::hGenZPass(x)
RooDataHist::hGenZFail(x)

embedded precalculated expensive components
-------------------------------------------
uid = 0 key=sigFail_sigPhysFail_CONV_sigResFail_CACHEHIST_Obs[x]_BufFrac0.1_BufStrat0 value=RooDataHist::sigFail_sigPhysFail_CONV_sigResFail_CACHEHIST_Obs[x]_BufFrac0.1_BufStrat0 parameters=( meanF=-0 sigmaF=0.9 )
uid = 1 key=sigPass_sigPhysPass_CONV_sigResPass_CACHEHIST_Obs[x]_BufFrac0.1_BufStrat0 value=RooDataHist::sigPass_sigPhysPass_CONV_sigResPass_CACHEHIST_Obs[x]_BufFrac0.1_BufStrat0 parameters=( meanP=-0 sigmaP=0.9 )
 title :  -  -1.566 < #eta_{SC} < -1.444 -  15.000 < probe_Pho_et < 20.000
 **********
 **   13 **MIGRAD        2500           1
 **********
 FIRST CALL TO USER FUNCTION AT NEW START POINT, WITH IFLAG=4.
 START MIGRAD MINIMIZATION.  STRATEGY  1.  CONVERGENCE WHEN EDM .LT. 1.00e-03
 FCN=-23125.6 FROM MIGRAD    STATUS=INITIATE       22 CALLS          23 TOTAL
                     EDM= unknown      STRATEGY= 1      NO ERROR MATRIX       
  EXT PARAMETER               CURRENT GUESS       STEP         FIRST   
  NO.   NAME      VALUE            ERROR          SIZE      DERIVATIVE 
   1  alphaP       0.00000e+00   1.00000e+00   2.01358e-01   1.29137e+04
   2  meanP        0.00000e+00   1.00000e+00   2.01358e-01   3.08685e+02
   3  nBkgP        5.73700e+02   2.86600e+02   1.38086e-01   1.53012e+02
   4  nSigP        5.16330e+03   8.60500e+02   2.05756e-01  -4.54946e+02
   5  sigmaP       9.00000e-01   2.00000e-01   1.61380e-01  -6.23528e+01
                               ERR DEF= 0.5
 MIGRAD MINIMIZATION HAS CONVERGED.
 MIGRAD WILL VERIFY CONVERGENCE AND ERROR MATRIX.
 COVARIANCE MATRIX CALCULATED SUCCESSFULLY
 FCN=-23276 FROM MIGRAD    STATUS=CONVERGED     258 CALLS         259 TOTAL
                     EDM=8.50261e-06    STRATEGY= 1      ERROR MATRIX ACCURATE 
  EXT PARAMETER                                   STEP         FIRST   
  NO.   NAME      VALUE            ERROR          SIZE      DERIVATIVE 
   1  alphaP      -3.55470e-02   9.91008e-03   1.20384e-04  -1.65618e+00
   2  meanP       -1.20120e+00   1.38082e-01   2.71221e-03  -9.16555e-02
   3  nBkgP        4.31422e+02   1.50167e+02   3.98121e-03  -3.13530e-02
   4  nSigP        5.91863e+03   1.21202e+02   2.16658e-03  -4.23952e-02
   5  sigmaP       2.16672e+00   1.99618e-01   8.80743e-03  -1.36405e-02
                               ERR DEF= 0.5
 EXTERNAL ERROR MATRIX.    NDIM=  25    NPAR=  5    ERR DEF=0.5
  9.821e-05 -5.077e-04 -1.190e+00  6.605e-01  4.002e-04 
 -5.077e-04  1.907e-02  6.705e+00 -4.509e+00 -7.517e-03 
 -1.190e+00  6.705e+00  2.260e+04 -1.335e+04 -1.051e+01 
  6.605e-01 -4.509e+00 -1.335e+04  1.469e+04  6.725e+00 
  4.002e-04 -7.517e-03 -1.051e+01  6.725e+00  3.996e-02 
 PARAMETER  CORRELATION COEFFICIENTS  
       NO.  GLOBAL      1      2      3      4      5
        1  0.81649   1.000 -0.371 -0.799  0.550  0.202
        2  0.42696  -0.371  1.000  0.323 -0.269 -0.272
        3  0.88172  -0.799  0.323  1.000 -0.733 -0.350
        4  0.73639   0.550 -0.269 -0.733  1.000  0.278
        5  0.42206   0.202 -0.272 -0.350  0.278  1.000
 **********
 **   18 **HESSE        2500
 **********
 COVARIANCE MATRIX CALCULATED SUCCESSFULLY
 FCN=-23276 FROM HESSE     STATUS=OK             31 CALLS         290 TOTAL
                     EDM=8.40052e-06    STRATEGY= 1      ERROR MATRIX ACCURATE 
  EXT PARAMETER                                INTERNAL      INTERNAL  
  NO.   NAME      VALUE            ERROR       STEP SIZE       VALUE   
   1  alphaP      -3.55470e-02   9.39272e-03   4.81535e-06  -7.10946e-03
   2  meanP       -1.20120e+00   1.36938e-01   5.42442e-04  -2.42613e-01
   3  nBkgP        4.31422e+02   1.42305e+02   1.59248e-04  -1.11941e+00
   4  nSigP        5.91863e+03   1.17878e+02   8.66630e-05   3.84946e-01
   5  sigmaP       2.16672e+00   1.98744e-01   3.52297e-04   6.02096e+00
                               ERR DEF= 0.5
 EXTERNAL ERROR MATRIX.    NDIM=  25    NPAR=  5    ERR DEF=0.5
  8.822e-05 -4.515e-04 -1.034e+00  5.676e-01  3.335e-04 
 -4.515e-04  1.876e-02  5.836e+00 -3.993e+00 -7.150e-03 
 -1.034e+00  5.836e+00  2.029e+04 -1.199e+04 -9.585e+00 
  5.676e-01 -3.993e+00 -1.199e+04  1.390e+04  6.185e+00 
  3.335e-04 -7.150e-03 -9.585e+00  6.185e+00  3.961e-02 
 PARAMETER  CORRELATION COEFFICIENTS  
       NO.  GLOBAL      1      2      3      4      5
        1  0.79305   1.000 -0.351 -0.773  0.513  0.178
        2  0.41058  -0.351  1.000  0.299 -0.247 -0.262
        3  0.86724  -0.773  0.299  1.000 -0.714 -0.338
        4  0.71838   0.513 -0.247 -0.714  1.000  0.264
        5  0.41334   0.178 -0.262 -0.338  0.264  1.000
 **********
 **   23 **HESSE        2500
 **********
 COVARIANCE MATRIX CALCULATED SUCCESSFULLY
 FCN=-23276 FROM HESSE     STATUS=OK             31 CALLS         321 TOTAL
                     EDM=8.39737e-06    STRATEGY= 1      ERROR MATRIX ACCURATE 
  EXT PARAMETER                                INTERNAL      INTERNAL  
  NO.   NAME      VALUE            ERROR       STEP SIZE       VALUE   
   1  alphaP      -3.55470e-02   9.37752e-03   9.63071e-07  -7.10946e-03
   2  meanP       -1.20120e+00   1.36907e-01   1.08488e-04  -2.42613e-01
   3  nBkgP        4.31422e+02   1.42074e+02   3.18497e-05  -1.11941e+00
   4  nSigP        5.91863e+03   1.17782e+02   1.73326e-05   3.84946e-01
   5  sigmaP       2.16672e+00   1.98723e-01   7.04595e-05   6.02096e+00
                               ERR DEF= 0.5
 EXTERNAL ERROR MATRIX.    NDIM=  25    NPAR=  5    ERR DEF=0.5
  8.794e-05 -4.499e-04 -1.029e+00  5.649e-01  3.316e-04 
 -4.499e-04  1.875e-02  5.810e+00 -3.978e+00 -7.142e-03 
 -1.029e+00  5.810e+00  2.022e+04 -1.195e+04 -9.559e+00 
  5.649e-01 -3.978e+00 -1.195e+04  1.388e+04  6.171e+00 
  3.316e-04 -7.142e-03 -9.559e+00  6.171e+00  3.960e-02 
 PARAMETER  CORRELATION COEFFICIENTS  
       NO.  GLOBAL      1      2      3      4      5
        1  0.79229   1.000 -0.350 -0.772  0.511  0.178
        2  0.41012  -0.350  1.000  0.298 -0.247 -0.262
        3  0.86677  -0.772  0.298  1.000 -0.714 -0.338
        4  0.71784   0.511 -0.247 -0.714  1.000  0.263
        5  0.41314   0.178 -0.262 -0.338  0.263  1.000
 **********
 **   13 **MIGRAD        2500           1
 **********
 FIRST CALL TO USER FUNCTION AT NEW START POINT, WITH IFLAG=4.
 START MIGRAD MINIMIZATION.  STRATEGY  1.  CONVERGENCE WHEN EDM .LT. 1.00e-03
 FCN=-34581.3 FROM MIGRAD    STATUS=INITIATE       37 CALLS          38 TOTAL
                     EDM= unknown      STRATEGY= 1      NO ERROR MATRIX       
  EXT PARAMETER               CURRENT GUESS       STEP         FIRST   
  NO.   NAME      VALUE            ERROR          SIZE      DERIVATIVE 
   1  alphaF       0.00000e+00   1.00000e+00   0.00000e+00  -3.27932e+04
   2  meanF        0.00000e+00   1.00000e+00   0.00000e+00  -2.14990e+02
   3  nBkgF        8.34200e+02   4.16850e+02   0.00000e+00  -1.60122e+03
   4  nSigF        7.50780e+03   1.25125e+03   0.00000e+00  -9.41024e+02
   5  sigmaF       6.49857e+00   2.16672e-01   2.49244e+00  -2.41724e+00
                               ERR DEF= 0.5
 MIGRAD MINIMIZATION HAS CONVERGED.
 MIGRAD WILL VERIFY CONVERGENCE AND ERROR MATRIX.
 MINUIT WARNING IN HESSE   
 ============== Negative diagonal element 5 in Error Matrix
 MINUIT WARNING IN HESSE   
 ============== 2.21759 added to diagonal of error matrix
 COVARIANCE MATRIX CALCULATED SUCCESSFULLY
 FCN=-34965.8 FROM HESSE     STATUS=OK             37 CALLS         268 TOTAL
                     EDM=0.00319278    STRATEGY= 1      ERROR MATRIX ACCURATE 
  EXT PARAMETER                                   STEP         FIRST   
  NO.   NAME      VALUE            ERROR          SIZE      DERIVATIVE 
   1  alphaF      -2.12494e-02   4.70861e-03   2.83213e-05   1.56029e+01
   2  meanF       -2.64811e+00   5.37159e-01   1.19424e-02  -5.18638e-02
   3  nBkgF        5.02103e+03   7.19593e+02   2.46747e-03   3.81350e-02
   4  nSigF        6.25756e+03   5.99480e+02   2.34900e-03  -7.07720e-02
   5  sigmaF       6.49670e+00   2.98390e+00   1.14388e-01  -7.04278e-02
                               ERR DEF= 0.5
 MIGRAD MINIMIZATION HAS CONVERGED.
 MIGRAD WILL VERIFY CONVERGENCE AND ERROR MATRIX.
 COVARIANCE MATRIX CALCULATED SUCCESSFULLY
 FCN=-34967.6 FROM MIGRAD    STATUS=CONVERGED     440 CALLS         441 TOTAL
                     EDM=1.54732e-06    STRATEGY= 1      ERROR MATRIX ACCURATE 
  EXT PARAMETER                                   STEP         FIRST   
  NO.   NAME      VALUE            ERROR          SIZE      DERIVATIVE 
   1  alphaF      -2.28808e-02   4.13749e-03   2.67715e-05   6.94667e-01
   2  meanF       -1.12441e+00   6.31791e-01   1.02336e-02  -9.54460e-03
   3  nBkgF        5.45963e+03   6.83960e+02   2.48316e-03  -3.53633e-02
   4  nSigF        5.61253e+03   5.50728e+02   2.23669e-03  -4.70566e-02
   5  sigmaF       3.38160e+00   9.04719e-01   3.94702e-02   1.44261e-03
                               ERR DEF= 0.5
 EXTERNAL ERROR MATRIX.    NDIM=  25    NPAR=  5    ERR DEF=0.5
  1.712e-05 -8.122e-04 -2.716e+00  2.145e+00 -3.279e-04 
 -8.122e-04  4.014e-01  1.018e+02 -1.438e+02  3.364e-01 
 -2.716e+00  1.018e+02  4.697e+05 -3.633e+05  8.343e+01 
  2.145e+00 -1.438e+02 -3.633e+05  3.041e+05 -1.297e+02 
 -3.279e-04  3.364e-01  8.343e+01 -1.297e+02  8.661e-01 
 PARAMETER  CORRELATION COEFFICIENTS  
       NO.  GLOBAL      1      2      3      4      5
        1  0.96814   1.000 -0.310 -0.958  0.940 -0.085
        2  0.79242  -0.310  1.000  0.234 -0.412  0.571
        3  0.98472  -0.958  0.234  1.000 -0.961  0.131
        4  0.98071   0.940 -0.412 -0.961  1.000 -0.253
        5  0.66715  -0.085  0.571  0.131 -0.253  1.000
 **********
 **   18 **HESSE        2500
 **********
 COVARIANCE MATRIX CALCULATED SUCCESSFULLY
 FCN=-34967.6 FROM HESSE     STATUS=OK             31 CALLS         472 TOTAL
                     EDM=1.55951e-06    STRATEGY= 1      ERROR MATRIX ACCURATE 
  EXT PARAMETER                                INTERNAL      INTERNAL  
  NO.   NAME      VALUE            ERROR       STEP SIZE       VALUE   
   1  alphaF      -2.28808e-02   4.19445e-03   1.07086e-06  -4.57618e-03
   2  meanF       -1.12441e+00   6.31650e-01   4.09342e-04  -2.26822e-01
   3  nBkgF        5.45963e+03   6.96661e+02   9.93266e-05  -1.27759e-01
   4  nSigF        5.61253e+03   5.58274e+02   8.94677e-05  -1.03155e-01
   5  sigmaF       3.38160e+00   9.12038e-01   1.57881e-03   3.45516e+00
                               ERR DEF= 0.5
 EXTERNAL ERROR MATRIX.    NDIM=  25    NPAR=  5    ERR DEF=0.5
  1.759e-05 -7.632e-04 -2.808e+00  2.207e+00 -2.714e-04 
 -7.632e-04  4.012e-01  9.473e+01 -1.387e+02  3.424e-01 
 -2.808e+00  9.473e+01  4.874e+05 -3.755e+05  7.576e+01 
  2.207e+00 -1.387e+02 -3.755e+05  3.125e+05 -1.253e+02 
 -2.714e-04  3.424e-01  7.576e+01 -1.253e+02  8.810e-01 
 PARAMETER  CORRELATION COEFFICIENTS  
       NO.  GLOBAL      1      2      3      4      5
        1  0.96902   1.000 -0.287 -0.959  0.941 -0.069
        2  0.79232  -0.287  1.000  0.214 -0.392  0.576
        3  0.98528  -0.959  0.214  1.000 -0.962  0.116
        4  0.98123   0.941 -0.392 -0.962  1.000 -0.239
        5  0.67418  -0.069  0.576  0.116 -0.239  1.000
 **********
 **   23 **HESSE        2500
 **********
 COVARIANCE MATRIX CALCULATED SUCCESSFULLY
