===> settings etc/config/settings_pho.py <===
import etc.config.settings_pho as tnpConf
[?1034h
[1mRooFit v3.60 -- Developed by Wouter Verkerke and David Kirkby[0m 
                Copyright (C) 2000-2013 NIKHEF, University of California & Stanford University
                All rights reserved, please read http://roofit.sourceforge.net/license.txt

===>  Output directory: 
results/Moriond17/tnpPhoID_Winter17MC//passingTight80X/
**** name: data_Run2016H                                                                                        
  path    :  ['eos/cms/store/group/phys_egamma/tnp/80X/PhoEleIDs/Moriond17_v1/data/TnPTree_SingleElectron_2016prompt_RunH.root', 'eos/cms/store/group/phys_egamma/tnp/80X/PhoEleIDs/Moriond17_v1/data/TnPTree_SingleElectron_2016rereco_RunG.root', 'eos/cms/store/group/phys_egamma/tnp/80X/PhoEleIDs/Moriond17_v1/data/TnPTree_SingleElectron_2016rereco_RunF.root', 'eos/cms/store/group/phys_egamma/tnp/80X/PhoEleIDs/Moriond17_v1/data/TnPTree_SingleElectron_2016rereco_RunE.root', 'eos/cms/store/group/phys_egamma/tnp/80X/PhoEleIDs/Moriond17_v1/data/TnPTree_SingleElectron_2016rereco_RunD.root', 'eos/cms/store/group/phys_egamma/tnp/80X/PhoEleIDs/Moriond17_v1/data/TnPTree_SingleElectron_2016rereco_RunC.root', 'eos/cms/store/group/phys_egamma/tnp/80X/PhoEleIDs/Moriond17_v1/data/TnPTree_SingleElectron_2016rereco_RunB.root']
  tnpTree :  GsfElectronToPhoID
   --- Data sample --- 
  lumi     :  36.212
alphaF[1.740]
meanF[-1.700]
nF[0.479]
nSigF[3911.874]
sigmaF[2.971]
sigmaF_2[2.457]
alphaP[2.638]
meanP[-0.408]
nP[0.050]
nSigP[3410.636]
sigmaP[3.713]
sigmaP_2[0.821]

RooWorkspace(w) w contents

variables
---------
(acmsF,acmsP,alphaF,alphaP,betaF,betaP,eff,gammaF,gammaP,meanF,meanP,nBkgF,nBkgP,nF,nP,nSigF,nSigP,peakF,peakP,sigmaF,sigmaF_2,sigmaP,sigmaP_2,sosF,sosP,x)

p.d.f.s
-------
RooCMSShape::bkgFail[ x=x alpha=acmsF beta=betaF gamma=gammaF peak=peakF ] = 1.91031
RooCMSShape::bkgPass[ x=x alpha=acmsP beta=betaP gamma=gammaP peak=peakP ] = 1.91031
RooAddPdf::pdfFail[ nSigF * sigFail + nBkgF * bkgFail ] = 12.0309
RooAddPdf::pdfPass[ nSigP * sigPass + nBkgP * bkgPass ] = 14.7005
RooFFTConvPdf::sigFail[ sigPhysFail(x) (*) sigResFail(x) ] = 0.0778579
RooFFTConvPdf::sigPass[ sigPhysPass(x) (*) sigResPass(x) ] = 0.0952297
RooHistPdf::sigPhysFail[ pdfObs=(x) ] = 35600
RooHistPdf::sigPhysPass[ pdfObs=(x) ] = 35600
RooCBExGaussShape::sigResFail[ m=x  m0=meanF  sigma=sigResFail_3  alpha=alphaF  n=nF  sigma_2=sigResFail_6 ] = 1.11024e-250
RooCBExGaussShape::sigResPass[ m=x  m0=meanP  sigma=sigResPass_3  alpha=alphaP  n=nP  sigma_2=sigResPass_6 ] = 0

functions
--------
RooFormulaVar::sigResFail_3[ actualVars=(sigmaF,sosF) formula="sqrt(sigmaF*sigmaF+sosF*sosF)" ] = 3.13478
RooFormulaVar::sigResFail_6[ actualVars=(sigmaF_2,sosF) formula="sqrt(sigmaF_2*sigmaF_2+sosF*sosF)" ] = 2.65271
RooFormulaVar::sigResPass_3[ actualVars=(sigmaP,sosP) formula="sqrt(sigmaP*sigmaP+sosP*sosP)" ] = 3.8453
RooFormulaVar::sigResPass_6[ actualVars=(sigmaP_2,sosP) formula="sqrt(sigmaP_2*sigmaP_2+sosP*sosP)" ] = 1.29385

datasets
--------
RooDataHist::hPass(x)
RooDataHist::hFail(x)
RooDataHist::hGenZPass(x)
RooDataHist::hGenZFail(x)

embedded precalculated expensive components
-------------------------------------------
uid = 0 key=sigFail_sigPhysFail_CONV_sigResFail_CACHEHIST_Obs[x]_BufFrac0.1_BufStrat0 value=RooDataHist::sigFail_sigPhysFail_CONV_sigResFail_CACHEHIST_Obs[x]_BufFrac0.1_BufStrat0 parameters=( alphaF=1.74 meanF=-0 nF=0.479 sigmaF=2.971 sigmaF_2=2.457 sosF=1 )
uid = 1 key=sigPass_sigPhysPass_CONV_sigResPass_CACHEHIST_Obs[x]_BufFrac0.1_BufStrat0 value=RooDataHist::sigPass_sigPhysPass_CONV_sigResPass_CACHEHIST_Obs[x]_BufFrac0.1_BufStrat0 parameters=( alphaP=2.638 meanP=-0 nP=0.05 sigmaP=3.713 sigmaP_2=0.821 sosP=1 )
 title :  -  -2.500 < #eta_{SC} < -2.000 -  15.000 < probe_Pho_et < 20.000
 **********
 **   13 **MIGRAD        3500           1
 **********
 FIRST CALL TO USER FUNCTION AT NEW START POINT, WITH IFLAG=4.
 START MIGRAD MINIMIZATION.  STRATEGY  1.  CONVERGENCE WHEN EDM .LT. 1.00e-03
 FCN=-62662.9 FROM MIGRAD    STATUS=INITIATE       46 CALLS          47 TOTAL
                     EDM= unknown      STRATEGY= 1      NO ERROR MATRIX       
  EXT PARAMETER               CURRENT GUESS       STEP         FIRST   
  NO.   NAME      VALUE            ERROR          SIZE      DERIVATIVE 
   1  acmsP        7.49995e+01   2.50000e+00   1.78115e+00   4.04332e-01
   2  betaP        4.00000e-02   5.00000e-03   0.00000e+00  -6.74030e+01
   3  gammaP       1.00000e-01   4.75000e-02   0.00000e+00   5.05662e+02
   4  meanP        0.00000e+00   1.00000e+00   0.00000e+00   2.34464e+03
   5  nBkgP        1.24420e+03   6.21850e+02   0.00000e+00  -3.40935e+02
   6  nSigP        1.11978e+04   1.86625e+03   0.00000e+00  -7.69236e+02
   7  sosP         1.00000e+00   2.50000e-01   0.00000e+00   1.34847e+02
                               ERR DEF= 0.5
 MIGRAD MINIMIZATION HAS CONVERGED.
 MIGRAD WILL VERIFY CONVERGENCE AND ERROR MATRIX.
 COVARIANCE MATRIX CALCULATED SUCCESSFULLY
 FCN=-63008.5 FROM MIGRAD    STATUS=CONVERGED     379 CALLS         380 TOTAL
                     EDM=8.95306e-05    STRATEGY= 1      ERROR MATRIX ACCURATE 
  EXT PARAMETER                                   STEP         FIRST   
  NO.   NAME      VALUE            ERROR          SIZE      DERIVATIVE 
   1  acmsP        7.49993e+01   2.10920e+01   1.76661e-01  -1.58979e-03
   2  betaP        4.95830e-02   7.58806e-03   4.27351e-02   3.04092e-03
   3  gammaP       6.64217e-02   5.61104e-03   2.50430e-03   2.70162e-01
   4  meanP       -1.33041e+00   6.59736e-02   1.64195e-03  -1.91933e-01
   5  nBkgP        1.53490e+03   1.01959e+02   2.85158e-03   2.11825e-01
   6  nSigP        1.17165e+04   1.45079e+02   2.22948e-03   1.15649e-01
   7  sosP         1.85755e+00   8.09073e-02   4.63598e-03  -1.01139e-01
                               ERR DEF= 0.5
 EXTERNAL ERROR MATRIX.    NDIM=  26    NPAR=  7    ERR DEF=0.5
  6.685e-02  4.360e-04 -7.638e-04 -4.024e-04 -2.576e+00  2.376e+00  1.085e-03 
  4.360e-04  6.048e-05  1.850e-05  1.591e-04 -1.160e-01 -3.091e-01 -1.682e-04 
 -7.638e-04  1.850e-05  3.149e-05  6.105e-05 -5.430e-02 -7.321e-02 -2.142e-05 
 -4.024e-04  1.591e-04  6.105e-05  4.353e-03  5.868e-01 -1.507e+00 -3.747e-03 
 -2.576e+00 -1.160e-01 -5.430e-02  5.868e-01  1.040e+04 -6.951e+03 -9.716e-01 
  2.376e+00 -3.091e-01 -7.321e-02 -1.507e+00 -6.951e+03  2.105e+04  1.981e+00 
  1.085e-03 -1.682e-04 -2.142e-05 -3.747e-03 -9.716e-01  1.981e+00  6.549e-03 
 PARAMETER  CORRELATION COEFFICIENTS  
       NO.  GLOBAL      1      2      3      4      5      6      7
        1  0.74965   1.000  0.217 -0.526 -0.024 -0.098  0.063  0.052
        2  0.76669   0.217  1.000  0.424  0.310 -0.146 -0.274 -0.267
        3  0.78751  -0.526  0.424  1.000  0.165 -0.095 -0.090 -0.047
        4  0.72191  -0.024  0.310  0.165  1.000  0.087 -0.157 -0.702
        5  0.56189  -0.098 -0.146 -0.095  0.087  1.000 -0.470 -0.118
        6  0.60010   0.063 -0.274 -0.090 -0.157 -0.470  1.000  0.169
        7  0.73080   0.052 -0.267 -0.047 -0.702 -0.118  0.169  1.000
 **********
 **   18 **HESSE        3500
 **********
 COVARIANCE MATRIX CALCULATED SUCCESSFULLY
 FCN=-63008.5 FROM HESSE     STATUS=OK             54 CALLS         434 TOTAL
                     EDM=0.000149181    STRATEGY= 1      ERROR MATRIX ACCURATE 
  EXT PARAMETER                                INTERNAL      INTERNAL  
  NO.   NAME      VALUE            ERROR       STEP SIZE       VALUE   
   1  acmsP        7.49993e+01   1.66512e+01   5.00000e-01   1.56016e+00
   2  betaP        4.95830e-02   7.63286e-03   1.70941e-03   6.22809e-01
   3  gammaP       6.64217e-02   8.14085e-03   1.00172e-04  -1.06862e+00
   4  meanP       -1.33041e+00   6.78925e-02   3.28391e-04  -2.69326e-01
   5  nBkgP        1.53490e+03   1.03441e+02   1.14063e-04  -9.89158e-01
   6  nSigP        1.17165e+04   1.52960e+02   8.91791e-05   2.58431e-01
   7  sosP         1.85755e+00   8.37894e-02   9.27197e-04  -4.07859e-01
                               ERR DEF= 0.5
 EXTERNAL ERROR MATRIX.    NDIM=  26    NPAR=  7    ERR DEF=0.5
  2.623e-02 -1.704e-05 -1.056e-03 -2.222e-03 -3.360e+00  7.410e+00  3.263e-03 
 -1.704e-05  6.123e-05  2.614e-05  1.776e-04 -9.388e-02 -3.704e-01 -1.932e-04 
 -1.056e-03  2.614e-05  6.630e-05  1.536e-04  5.490e-02 -3.673e-01 -1.490e-04 
 -2.222e-03  1.776e-04  1.536e-04  4.610e-03  8.565e-01 -2.259e+00 -4.097e-03 
 -3.360e+00 -9.388e-02  5.490e-02  8.565e-01  1.070e+04 -7.786e+03 -1.337e+00 
  7.410e+00 -3.704e-01 -3.673e-01 -2.259e+00 -7.786e+03  2.340e+04  3.004e+00 
  3.263e-03 -1.932e-04 -1.490e-04 -4.097e-03 -1.337e+00  3.004e+00  7.025e-03 
 PARAMETER  CORRELATION COEFFICIENTS  
       NO.  GLOBAL      1      2      3      4      5      6      7
        1  0.89547   1.000 -0.013 -0.801 -0.202 -0.201  0.299  0.240
        2  0.77010  -0.013  1.000  0.410  0.334 -0.116 -0.309 -0.295
        3  0.90532  -0.801  0.410  1.000  0.278  0.065 -0.295 -0.218
        4  0.74016  -0.202  0.334  0.278  1.000  0.122 -0.218 -0.720
        5  0.57896  -0.201 -0.116  0.065  0.122  1.000 -0.492 -0.154
        6  0.65143   0.299 -0.309 -0.295 -0.218 -0.492  1.000  0.234
        7  0.75206   0.240 -0.295 -0.218 -0.720 -0.154  0.234  1.000
 **********
 **   23 **HESSE        3500
 **********
 COVARIANCE MATRIX CALCULATED SUCCESSFULLY
 FCN=-63008.5 FROM HESSE     STATUS=OK             54 CALLS         488 TOTAL
                     EDM=0.000149855    STRATEGY= 1      ERROR MATRIX ACCURATE 
  EXT PARAMETER                                INTERNAL      INTERNAL  
  NO.   NAME      VALUE            ERROR       STEP SIZE       VALUE   
   1  acmsP        7.49993e+01   1.66599e+01   5.00000e-01   1.56016e+00
   2  betaP        4.95830e-02   7.64123e-03   3.41881e-04   6.22809e-01
   3  gammaP       6.64217e-02   8.15983e-03   2.00344e-05  -1.06862e+00
   4  meanP       -1.33041e+00   6.79623e-02   6.56782e-05  -2.69326e-01
   5  nBkgP        1.53490e+03   1.03443e+02   2.28126e-05  -9.89158e-01
   6  nSigP        1.17165e+04   1.53080e+02   1.78358e-05   2.58431e-01
   7  sosP         1.85755e+00   8.38727e-02   1.85439e-04  -4.07859e-01
                               ERR DEF= 0.5
 EXTERNAL ERROR MATRIX.    NDIM=  26    NPAR=  7    ERR DEF=0.5
  2.629e-02 -2.140e-05 -1.061e-03 -2.243e-03 -3.370e+00  7.462e+00  3.287e-03 
 -2.140e-05  6.137e-05  2.639e-05  1.786e-04 -9.321e-02 -3.732e-01 -1.945e-04 
 -1.061e-03  2.639e-05  6.661e-05  1.549e-04  5.565e-02 -3.708e-01 -1.506e-04 
 -2.243e-03  1.786e-04  1.549e-04  4.619e-03  8.595e-01 -2.274e+00 -4.109e-03 
 -3.370e+00 -9.321e-02  5.565e-02  8.595e-01  1.070e+04 -7.792e+03 -1.340e+00 
  7.462e+00 -3.732e-01 -3.708e-01 -2.274e+00 -7.792e+03  2.344e+04  3.021e+00 
  3.287e-03 -1.945e-04 -1.506e-04 -4.109e-03 -1.340e+00  3.021e+00  7.038e-03 
 PARAMETER  CORRELATION COEFFICIENTS  
       NO.  GLOBAL      1      2      3      4      5      6      7
        1  0.89574   1.000 -0.017 -0.802 -0.204 -0.201  0.301  0.242
        2  0.77071  -0.017  1.000  0.413  0.335 -0.115 -0.311 -0.296
        3  0.90578  -0.802  0.413  1.000  0.279  0.066 -0.297 -0.220
        4  0.74079  -0.204  0.335  0.279  1.000  0.122 -0.219 -0.721
        5  0.57898  -0.201 -0.115  0.066  0.122  1.000 -0.492 -0.154
        6  0.65212   0.301 -0.311 -0.297 -0.219 -0.492  1.000  0.235
        7  0.75263   0.242 -0.296 -0.220 -0.721 -0.154  0.235  1.000
 **********
 **   13 **MIGRAD        3500           1
 **********
 FIRST CALL TO USER FUNCTION AT NEW START POINT, WITH IFLAG=4.
 START MIGRAD MINIMIZATION.  STRATEGY  1.  CONVERGENCE WHEN EDM .LT. 1.00e-03
 FCN=-249277 FROM MIGRAD    STATUS=INITIATE      154 CALLS         155 TOTAL
                     EDM= unknown      STRATEGY= 1      NO ERROR MATRIX       
  EXT PARAMETER               CURRENT GUESS       STEP         FIRST   
  NO.   NAME      VALUE            ERROR          SIZE      DERIVATIVE 
   1  acmsF        5.77258e+01   2.50000e+00   0.00000e+00  -2.64065e+01
   2  betaF        5.99964e-02   5.00000e-03   0.00000e+00  -1.28419e+00
   3  gammaF       9.82822e-03   4.75000e-02   0.00000e+00   3.98890e+02
   4  meanF        0.00000e+00   1.00000e+00   0.00000e+00   4.80310e+03
   5  nBkgF        4.48350e+03   2.24150e+03   0.00000e+00  -1.25556e+04
   6  nSigF        4.03515e+04   6.72520e+03   0.00000e+00  -7.90200e+01
   7  sosF         5.00405e-01   2.50000e-01  -6.98638e-01  -8.20830e-01
                               ERR DEF= 0.5
 MIGRAD MINIMIZATION HAS CONVERGED.
 FCN=-259188 FROM MIGRAD    STATUS=CONVERGED     388 CALLS         389 TOTAL
                     EDM=7.28792e-05    STRATEGY= 1  ERROR MATRIX UNCERTAINTY   2.5 per cent
  EXT PARAMETER                                   STEP         FIRST   
  NO.   NAME      VALUE            ERROR          SIZE      DERIVATIVE 
   1  acmsF        5.00000e+01   1.21715e-01  -9.34126e-03** at limit **
   2  betaF        6.00000e-02   1.64217e-04   7.58951e-06** at limit **
   3  gammaF       2.58972e-02   3.90715e-04  -4.24125e-05  -1.04430e+00
   4  meanF       -1.72447e+00   5.64042e-02  -8.20728e-04  -3.41601e-01
   5  nBkgF        3.76225e+04   3.12115e+02  -2.92078e-05  -1.02140e-01
   6  nSigF        1.74497e+04   2.21528e+02   1.32962e-04   5.94278e-01
   7  sosF         5.00335e-01   2.64632e-02  -8.41183e-04  -4.52737e-02
                               ERR DEF= 0.5
 EXTERNAL ERROR MATRIX.    NDIM=  26    NPAR=  7    ERR DEF=0.5
  2.981e-06  2.891e-12  1.848e-08  1.082e-06  8.746e-04 -9.445e-03  1.100e-06 
  2.891e-12  4.274e-13  6.748e-13 -1.308e-10 -2.609e-07  1.118e-07  3.523e-12 
  1.848e-08  6.748e-13  1.527e-07  3.245e-06  1.627e-02  2.599e-03  1.991e-08 
  1.082e-06 -1.308e-10  3.245e-06  3.182e-03  6.879e-01 -7.514e-02 -7.484e-06 
  8.746e-04 -2.609e-07  1.627e-02  6.879e-01  9.742e+04 -3.720e+04 -1.689e-02 
 -9.445e-03  1.118e-07  2.599e-03 -7.514e-02 -3.720e+04  4.908e+04  2.547e-03 
  1.100e-06  3.523e-12  1.991e-08 -7.484e-06 -1.689e-02  2.547e-03  3.551e-05 
 PARAMETER  CORRELATION COEFFICIENTS  
       NO.  GLOBAL      1      2      3      4      5      6      7
        1  0.11494   1.000  0.003  0.027  0.011  0.002 -0.025  0.107
        2  0.00565   0.003  1.000  0.003 -0.004 -0.001  0.001  0.001
        3  0.23010   0.027  0.003  1.000  0.147  0.133  0.030  0.009
        4  0.15073   0.011 -0.004  0.147  1.000  0.039 -0.006 -0.022
        5  0.55882   0.002 -0.001  0.133  0.039  1.000 -0.538 -0.009
        6  0.54831  -0.025  0.001  0.030 -0.006 -0.538  1.000  0.002
        7  0.11026   0.107  0.001  0.009 -0.022 -0.009  0.002  1.000
 **********
 **   18 **HESSE        3500
 **********
 COVARIANCE MATRIX CALCULATED SUCCESSFULLY
 FCN=-259188 FROM HESSE     STATUS=OK             56 CALLS         445 TOTAL
                     EDM=0.000145925    STRATEGY= 1      ERROR MATRIX ACCURATE 
  EXT PARAMETER                                INTERNAL      INTERNAL  
  NO.   NAME      VALUE            ERROR       STEP SIZE       VALUE   
   1  acmsF        5.00000e+01   1.24474e-01   4.97053e-02  -1.56981e+00
                                 WARNING -   - ABOVE PARAMETER IS AT LIMIT.
   2  betaF        6.00000e-02   8.04215e-04   8.94665e-02   1.57057e+00
                                 WARNING -   - ABOVE PARAMETER IS AT LIMIT.
   3  gammaF       2.58972e-02   3.95804e-04   9.40650e-04  -1.27993e+00
   4  meanF       -1.72447e+00   6.12394e-02   4.17536e-03  -3.52126e-01
   5  nBkgF        3.76225e+04   3.17786e+02   2.73230e-03   1.19118e-01
   6  nSigF        1.74497e+04   2.26230e+02   2.22351e-03  -5.01887e-01
   7  sosF         5.00335e-01   8.28515e-01   2.63040e-01  -1.58805e+00
                               ERR DEF= 0.5
 EXTERNAL ERROR MATRIX.    NDIM=  26    NPAR=  7    ERR DEF=0.5
  3.049e-06 -1.197e-12  2.936e-08  6.592e-07 -1.215e-02 -5.552e-03 -2.777e-07 
 -1.197e-12  2.102e-12  3.593e-11  6.255e-10  8.031e-06 -6.577e-06 -3.340e-10 
  2.936e-08  3.593e-11  1.567e-07  2.850e-06  1.717e-02  1.989e-03  1.045e-06 
  6.592e-07  6.255e-10  2.850e-06  3.750e-03  1.681e+00 -1.023e+00 -8.133e-04 
 -1.215e-02  8.031e-06  1.717e-02  1.681e+00  1.010e+05 -3.977e+04 -1.388e+00 
 -5.552e-03 -6.577e-06  1.989e-03 -1.023e+00 -3.977e+04  5.118e+04  1.087e+00 
 -2.777e-07 -3.340e-10  1.045e-06 -8.133e-04 -1.388e+00  1.087e+00  1.185e-03 
 PARAMETER  CORRELATION COEFFICIENTS  
       NO.  GLOBAL      1      2      3      4      5      6      7
        1  0.06377   1.000 -0.000  0.042  0.006 -0.022 -0.014 -0.005
        2  0.06724  -0.000  1.000  0.063  0.007  0.017 -0.020 -0.007
        3  0.26341   0.042  0.063  1.000  0.118  0.137  0.022  0.077
        4  0.41366   0.006  0.007  0.118  1.000  0.086 -0.074 -0.386
        5  0.57725  -0.022  0.017  0.137  0.086  1.000 -0.553 -0.127
        6  0.56633  -0.014 -0.020  0.022 -0.074 -0.553  1.000  0.140
        7  0.42349  -0.005 -0.007  0.077 -0.386 -0.127  0.140  1.000
 **********
 **   23 **HESSE        3500
 **********
 COVARIANCE MATRIX CALCULATED SUCCESSFULLY
 FCN=-259188 FROM HESSE     STATUS=OK             54 CALLS         499 TOTAL
                     EDM=0.000113468    STRATEGY= 1      ERROR MATRIX ACCURATE 
  EXT PARAMETER                                INTERNAL      INTERNAL  
  NO.   NAME      VALUE            ERROR       STEP SIZE       VALUE   
   1  acmsF        5.00000e+01   1.24617e-01   9.94107e-03  -1.56981e+00
                                 WARNING -   - ABOVE PARAMETER IS AT LIMIT.
   2  betaF        6.00000e-02   8.03777e-04   1.78933e-02   1.57057e+00
                                 WARNING -   - ABOVE PARAMETER IS AT LIMIT.
   3  gammaF       2.58972e-02   3.95668e-04   3.76260e-05  -1.27993e+00
   4  meanF       -1.72447e+00   6.47716e-02   8.35072e-04  -3.52126e-01
   5  nBkgF        3.76225e+04   3.20146e+02   1.09292e-04   1.19118e-01
   6  nSigF        1.74497e+04   2.28236e+02   4.44702e-04  -5.01887e-01
   7  sosF         5.00335e-01   2.94724e-01   5.00000e-01  -1.58805e+00
                               ERR DEF= 0.5
 EXTERNAL ERROR MATRIX.    NDIM=  26    NPAR=  7    ERR DEF=0.5
  3.052e-06 -5.237e-14  6.719e-09  1.868e-07 -2.736e-03 -1.337e-03 -5.061e-08 
 -5.237e-14  2.101e-12  6.972e-12  1.581e-10  1.640e-06 -1.348e-06 -5.166e-11 
  6.719e-09  6.972e-12  1.566e-07  2.235e-06  1.612e-02  2.879e-03  8.346e-07 
  1.868e-07  1.581e-10  2.235e-06  4.196e-03  2.451e+00 -1.623e+00 -6.365e-04 
 -2.736e-03  1.640e-06  1.612e-02  2.451e+00  1.025e+05 -4.102e+04 -1.102e+00 
 -1.337e-03 -1.348e-06  2.879e-03 -1.623e+00 -4.102e+04  5.209e+04  8.613e-01 
 -5.061e-08 -5.166e-11  8.346e-07 -6.365e-04 -1.102e+00  8.613e-01  4.036e-04 
 PARAMETER  CORRELATION COEFFICIENTS  
       NO.  GLOBAL      1      2      3      4      5      6      7
        1  0.01476   1.000 -0.000  0.010  0.002 -0.005 -0.003 -0.001
        2  0.01323  -0.000  1.000  0.012  0.002  0.004 -0.004 -0.002
        3  0.26219   0.010  0.012  1.000  0.087  0.127  0.032  0.105
        4  0.50898   0.002  0.002  0.087  1.000  0.118 -0.110 -0.489
        5  0.58567  -0.005  0.004  0.127  0.118  1.000 -0.561 -0.171
        6  0.57673  -0.003 -0.004  0.032 -0.110 -0.561  1.000  0.188
        7  0.53207  -0.001 -0.002  0.105 -0.489 -0.171  0.188  1.000
alphaF[1.363]
meanF[-2.674]
nF[0.739]
nSigF[3758.297]
sigmaF[3.489]
sigmaF_2[3.029]
alphaP[1.837]
meanP[-1.957]
nP[0.790]
nSigP[3717.023]
sigmaP[4.155]
sigmaP_2[2.327]

RooWorkspace(w) w contents

variables
---------
(acmsF,acmsP,alphaF,alphaP,betaF,betaP,eff,gammaF,gammaP,meanF,meanP,nBkgF,nBkgP,nF,nP,nSigF,nSigP,peakF,peakP,sigmaF,sigmaF_2,sigmaP,sigmaP_2,sosF,sosP,x)

p.d.f.s
-------
RooCMSShape::bkgFail[ x=x alpha=acmsF beta=betaF gamma=gammaF peak=peakF ] = 1.91031
RooCMSShape::bkgPass[ x=x alpha=acmsP beta=betaP gamma=gammaP peak=peakP ] = 1.91031
RooAddPdf::pdfFail[ nSigF * sigFail + nBkgF * bkgFail ] = 10.3097
RooAddPdf::pdfPass[ nSigP * sigPass + nBkgP * bkgPass ] = 12.146
RooFFTConvPdf::sigFail[ sigPhysFail(x) (*) sigResFail(x) ] = 0.0665778
RooFFTConvPdf::sigPass[ sigPhysPass(x) (*) sigResPass(x) ] = 0.0781391
RooHistPdf::sigPhysFail[ pdfObs=(x) ] = 35600
RooHistPdf::sigPhysPass[ pdfObs=(x) ] = 35600
RooCBExGaussShape::sigResFail[ m=x  m0=meanF  sigma=sigResFail_3  alpha=alphaF  n=nF  sigma_2=sigResFail_6 ] = 1.3588e-173
RooCBExGaussShape::sigResPass[ m=x  m0=meanP  sigma=sigResPass_3  alpha=alphaP  n=nP  sigma_2=sigResPass_6 ] = 6.49543e-275

functions
--------
RooFormulaVar::sigResFail_3[ actualVars=(sigmaF,sosF) formula="sqrt(sigmaF*sigmaF+sosF*sosF)" ] = 3.62948
RooFormulaVar::sigResFail_6[ actualVars=(sigmaF_2,sosF) formula="sqrt(sigmaF_2*sigmaF_2+sosF*sosF)" ] = 3.1898
RooFormulaVar::sigResPass_3[ actualVars=(sigmaP,sosP) formula="sqrt(sigmaP*sigmaP+sosP*sosP)" ] = 4.27364
RooFormulaVar::sigResPass_6[ actualVars=(sigmaP_2,sosP) formula="sqrt(sigmaP_2*sigmaP_2+sosP*sosP)" ] = 2.53277

datasets
--------
RooDataHist::hPass(x)
RooDataHist::hFail(x)
RooDataHist::hGenZPass(x)
RooDataHist::hGenZFail(x)

embedded precalculated expensive components
-------------------------------------------
uid = 0 key=sigFail_sigPhysFail_CONV_sigResFail_CACHEHIST_Obs[x]_BufFrac0.1_BufStrat0 value=RooDataHist::sigFail_sigPhysFail_CONV_sigResFail_CACHEHIST_Obs[x]_BufFrac0.1_BufStrat0 parameters=( alphaF=1.363 meanF=-0 nF=0.739 sigmaF=3.489 sigmaF_2=3.029 sosF=1 )
uid = 1 key=sigPass_sigPhysPass_CONV_sigResPass_CACHEHIST_Obs[x]_BufFrac0.1_BufStrat0 value=RooDataHist::sigPass_sigPhysPass_CONV_sigResPass_CACHEHIST_Obs[x]_BufFrac0.1_BufStrat0 parameters=( alphaP=1.837 meanP=-0 nP=0.79 sigmaP=4.155 sigmaP_2=2.327 sosP=1 )
 title :  -  -2.000 < #eta_{SC} < -1.566 -  15.000 < probe_Pho_et < 20.000
 **********
 **   13 **MIGRAD        3500           1
 **********
 FIRST CALL TO USER FUNCTION AT NEW START POINT, WITH IFLAG=4.
 START MIGRAD MINIMIZATION.  STRATEGY  1.  CONVERGENCE WHEN EDM .LT. 1.00e-03
 FCN=-68472.7 FROM MIGRAD    STATUS=INITIATE       48 CALLS          49 TOTAL
                     EDM= unknown      STRATEGY= 1      NO ERROR MATRIX       
  EXT PARAMETER               CURRENT GUESS       STEP         FIRST   
  NO.   NAME      VALUE            ERROR          SIZE      DERIVATIVE 
   1  acmsP        7.49993e+01   2.50000e+00   1.76135e+00  -4.49857e-01
   2  betaP        4.00000e-02   5.00000e-03   0.00000e+00  -8.74819e+01
   3  gammaP       1.00000e-01   4.75000e-02   0.00000e+00   3.58319e+02
   4  meanP        0.00000e+00   1.00000e+00   0.00000e+00   4.58905e+03
   5  nBkgP        1.36430e+03   6.81900e+02   0.00000e+00  -6.85859e+02
   6  nSigP        1.22787e+04   2.04640e+03   0.00000e+00  -6.76899e+02
   7  sosP         1.00000e+00   2.50000e-01   0.00000e+00   1.39168e+02
                               ERR DEF= 0.5
 MIGRAD MINIMIZATION HAS CONVERGED.
 MIGRAD WILL VERIFY CONVERGENCE AND ERROR MATRIX.
 EIGENVALUES OF SECOND-DERIVATIVE MATRIX:
        -2.9962e-01  1.8461e-01  3.2894e-01  6.0054e-01  1.0331e+00  1.5743e+00  3.5781e+00
 MINUIT WARNING IN HESSE   
 ============== MATRIX FORCED POS-DEF BY ADDING 0.303200 TO DIAGONAL.
 FCN=-69685.2 FROM MIGRAD    STATUS=CONVERGED     497 CALLS         498 TOTAL
                     EDM=0.000191461    STRATEGY= 1      ERR MATRIX NOT POS-DEF
  EXT PARAMETER                APPROXIMATE        STEP         FIRST   
  NO.   NAME      VALUE            ERROR          SIZE      DERIVATIVE 
   1  acmsP        7.50000e+01   2.31860e+01   5.00000e-01   1.58689e-06
   2  betaP        1.00005e-02   2.67256e-02   3.21459e-01  -6.59942e-04
   3  gammaP       6.82133e-02   3.74800e-02   4.79854e-03   3.60580e-02
   4  meanP       -2.67414e+00   5.02398e-02   2.16157e-03   1.01018e-02
   5  nBkgP        1.49497e+03   1.16096e+02   3.74537e-03  -8.31668e-02
   6  nSigP        1.34022e+04   1.38793e+02   2.27755e-03  -1.03164e-01
   7  sosP         1.84314e+00   9.77512e-02   7.71370e-03  -3.93714e-02
                               ERR DEF= 0.5
 EXTERNAL ERROR MATRIX.    NDIM=  26    NPAR=  7    ERR DEF=0.5
  3.013e+01  1.040e-02 -2.027e-01  3.553e-02 -2.883e+02  3.912e+02  2.290e-01 
  1.040e-02  3.658e-06 -6.893e-05  1.288e-05 -1.036e-01  1.306e-01  7.701e-05 
 -2.027e-01 -6.893e-05  1.416e-03 -2.354e-04  1.895e+00 -2.500e+00 -1.469e-03 
  3.553e-02  1.288e-05 -2.354e-04  2.524e-03  1.975e-01  1.064e-01 -1.771e-03 
 -2.883e+02 -1.036e-01  1.895e+00  1.975e-01  1.348e+04 -7.200e+03 -2.972e+00 
  3.912e+02  1.306e-01 -2.500e+00  1.064e-01 -7.200e+03  1.926e+04  4.103e+00 
  2.290e-01  7.701e-05 -1.469e-03 -1.771e-03 -2.972e+00  4.103e+00  9.562e-03 
ERR MATRIX NOT POS-DEF
 PARAMETER  CORRELATION COEFFICIENTS  
       NO.  GLOBAL      1      2      3      4      5      6      7
        1  0.99778   1.000  0.991 -0.981  0.129 -0.452  0.513  0.427
        2  0.99474   0.991  1.000 -0.958  0.134 -0.467  0.492  0.412
        3  0.98894  -0.981 -0.958  1.000 -0.124  0.434 -0.479 -0.399
        4  0.48653   0.129  0.134 -0.124  1.000  0.034  0.015 -0.361
        5  0.56526  -0.452 -0.467  0.434  0.034  1.000 -0.447 -0.262
        6  0.64167   0.513  0.492 -0.479  0.015 -0.447  1.000  0.302
        7  0.62589   0.427  0.412 -0.399 -0.361 -0.262  0.302  1.000
 ERR MATRIX NOT POS-DEF
 **********
 **   18 **HESSE        3500
 **********
 EIGENVALUES OF SECOND-DERIVATIVE MATRIX:
        -8.1496e-01  1.7297e-01  3.3583e-01  6.0359e-01  1.0798e+00  1.5772e+00  4.0455e+00
 MINUIT WARNING IN HESSE   
 ============== MATRIX FORCED POS-DEF BY ADDING 0.819008 TO DIAGONAL.
 FCN=-69685.2 FROM HESSE     STATUS=NOT POSDEF     58 CALLS         556 TOTAL
                     EDM=6.48843e-05    STRATEGY= 1      ERR MATRIX NOT POS-DEF
  EXT PARAMETER                APPROXIMATE     INTERNAL      INTERNAL  
  NO.   NAME      VALUE            ERROR       STEP SIZE       VALUE   
   1  acmsP        7.50000e+01   2.19816e+01   5.00000e-01   1.56915e+00
   2  betaP        1.00005e-02   4.74170e-02   5.00000e-01   4.70603e+00
   3  gammaP       6.82133e-02   1.43173e-02   1.91942e-04  -1.06119e+00
   4  meanP       -2.67414e+00   4.09772e-02   8.64627e-05  -5.64304e-01
   5  nBkgP        1.49497e+03   1.11193e+02   1.49815e-04  -1.02351e+00
   6  nSigP        1.34022e+04   9.85225e+01   9.11020e-05   3.14964e-01
   7  sosP         1.84314e+00   7.22371e-02   3.08548e-04  -4.14845e-01
                               ERR DEF= 0.5
 EXTERNAL ERROR MATRIX.    NDIM=  26    NPAR=  7    ERR DEF=0.5
  2.339e+01  7.718e-03 -6.385e-02  5.348e-02 -3.493e+02  1.118e+02  9.759e-02 
  7.718e-03  2.566e-06 -2.071e-05  1.778e-05 -1.168e-01  3.496e-02  3.143e-05 
 -6.385e-02 -2.071e-05  2.052e-04 -1.412e-04  9.437e-01 -2.475e-01 -2.355e-04 
  5.348e-02  1.778e-05 -1.412e-04  1.679e-03 -5.867e-01  1.611e-01 -6.768e-04 
 -3.493e+02 -1.168e-01  9.437e-01 -5.867e-01  1.237e+04 -3.271e+03 -1.719e+00 
  1.118e+02  3.496e-02 -2.475e-01  1.611e-01 -3.271e+03  9.707e+03  8.418e-01 
  9.759e-02  3.143e-05 -2.355e-04 -6.768e-04 -1.719e+00  8.418e-01  5.220e-03 
ERR MATRIX NOT POS-DEF
 PARAMETER  CORRELATION COEFFICIENTS  
       NO.  GLOBAL      1      2      3      4      5      6      7
        1  0.99795   1.000  0.996 -0.922  0.270 -0.649  0.235  0.279
        2  0.99746   0.996  1.000 -0.903  0.271 -0.656  0.222  0.272
        3  0.94406  -0.922 -0.903  1.000 -0.241  0.592 -0.175 -0.228
        4  0.42187   0.270  0.271 -0.241  1.000 -0.129  0.040 -0.229
        5  0.68450  -0.649 -0.656  0.592 -0.129  1.000 -0.299 -0.214
        6  0.40445   0.235  0.222 -0.175  0.040 -0.299  1.000  0.118
        7  0.44919   0.279  0.272 -0.228 -0.229 -0.214  0.118  1.000
 ERR MATRIX NOT POS-DEF
 **********
 **   23 **HESSE        3500
 **********
 EIGENVALUES OF SECOND-DERIVATIVE MATRIX:
        -8.1508e-01  1.7154e-01  3.3577e-01  6.0348e-01  1.0801e+00  1.5773e+00  4.0469e+00
 MINUIT WARNING IN HESSE   
 ============== MATRIX FORCED POS-DEF BY ADDING 0.819130 TO DIAGONAL.
 FCN=-69685.2 FROM HESSE     STATUS=NOT POSDEF     58 CALLS         614 TOTAL
                     EDM=6.49362e-05    STRATEGY= 1      ERR MATRIX NOT POS-DEF
  EXT PARAMETER                APPROXIMATE     INTERNAL      INTERNAL  
  NO.   NAME      VALUE            ERROR       STEP SIZE       VALUE   
   1  acmsP        7.50000e+01   2.19857e+01   5.00000e-01   1.56915e+00
   2  betaP        1.00005e-02   4.74566e-02   5.00000e-01   4.70603e+00
   3  gammaP       6.82133e-02   1.43575e-02   3.83883e-05  -1.06119e+00
   4  meanP       -2.67414e+00   4.09725e-02   1.72925e-05  -5.64304e-01
   5  nBkgP        1.49497e+03   1.11159e+02   2.99630e-05  -1.02351e+00
   6  nSigP        1.34022e+04   9.85165e+01   1.82204e-05   3.14964e-01
   7  sosP         1.84314e+00   7.22279e-02   6.17096e-05  -4.14845e-01
                               ERR DEF= 0.5
 EXTERNAL ERROR MATRIX.    NDIM=  26    NPAR=  7    ERR DEF=0.5
  2.339e+01  7.714e-03 -6.406e-02  5.342e-02 -3.490e+02  1.117e+02  9.748e-02 
  7.714e-03  2.563e-06 -2.077e-05  1.775e-05 -1.167e-01  3.492e-02  3.138e-05 
 -6.406e-02 -2.077e-05  2.064e-04 -1.415e-04  9.462e-01 -2.485e-01 -2.361e-04 
  5.342e-02  1.775e-05 -1.415e-04  1.679e-03 -5.854e-01  1.607e-01 -6.772e-04 
 -3.490e+02 -1.167e-01  9.462e-01 -5.854e-01  1.236e+04 -3.269e+03 -1.716e+00 
  1.117e+02  3.492e-02 -2.485e-01  1.607e-01 -3.269e+03  9.706e+03  8.409e-01 
  9.748e-02  3.138e-05 -2.361e-04 -6.772e-04 -1.716e+00  8.409e-01  5.219e-03 
ERR MATRIX NOT POS-DEF
 PARAMETER  CORRELATION COEFFICIENTS  
       NO.  GLOBAL      1      2      3      4      5      6      7
        1  0.99795   1.000  0.996 -0.922  0.270 -0.649  0.234  0.279
        2  0.99746   0.996  1.000 -0.903  0.271 -0.656  0.221  0.271
        3  0.94439  -0.922 -0.903  1.000 -0.240  0.592 -0.176 -0.227
        4  0.42171   0.270  0.271 -0.240  1.000 -0.129  0.040 -0.229
        5  0.68428  -0.649 -0.656  0.592 -0.129  1.000 -0.299 -0.214
        6  0.40438   0.234  0.221 -0.176  0.040 -0.299  1.000  0.118
        7  0.44901   0.279  0.271 -0.227 -0.229 -0.214  0.118  1.000
 ERR MATRIX NOT POS-DEF
 **********
 **   13 **MIGRAD        3500           1
 **********
 FIRST CALL TO USER FUNCTION AT NEW START POINT, WITH IFLAG=4.
 START MIGRAD MINIMIZATION.  STRATEGY  1.  CONVERGENCE WHEN EDM .LT. 1.00e-03
 FCN=-267052 FROM MIGRAD    STATUS=INITIATE      154 CALLS         155 TOTAL
                     EDM= unknown      STRATEGY= 1      NO ERROR MATRIX       
  EXT PARAMETER               CURRENT GUESS       STEP         FIRST   
  NO.   NAME      VALUE            ERROR          SIZE      DERIVATIVE 
   1  acmsF        5.39538e+01   2.50000e+00   0.00000e+00  -5.55886e+01
   2  betaF        5.99664e-02   5.00000e-03   0.00000e+00   5.58521e+00
   3  gammaF       2.05468e-02   4.75000e-02   0.00000e+00  -8.55397e+02
   4  meanF        0.00000e+00   1.00000e+00   0.00000e+00   5.18482e+03
   5  nBkgF        4.73410e+03   2.36680e+03   0.00000e+00  -9.89628e+03
   6  nSigF        4.26069e+04   7.10110e+03   0.00000e+00  -8.16495e+02
   7  sosF         4.99325e+00   2.50000e-01   2.38443e+00  -9.06509e+01
                               ERR DEF= 0.5
 MIGRAD MINIMIZATION HAS CONVERGED.
 FCN=-276204 FROM MIGRAD    STATUS=CONVERGED     696 CALLS         697 TOTAL
                     EDM=8.37797e-05    STRATEGY= 1  ERROR MATRIX UNCERTAINTY   8.2 per cent
  EXT PARAMETER                                   STEP         FIRST   
  NO.   NAME      VALUE            ERROR          SIZE      DERIVATIVE 
   1  acmsF        5.00000e+01   3.50663e-02   7.00900e-05** at limit **
   2  betaF        5.99999e-02   5.15966e-04  -9.06480e-04   6.17183e-02
   3  gammaF       2.95238e-02   3.85614e-04   1.08201e-06  -2.94106e-01
   4  meanF       -2.88693e+00   5.44583e-02   1.72287e-05  -2.38518e-02
   5  nBkgF        4.11200e+04   3.49475e+02   5.16716e-06   3.41721e-02
   6  nSigF        1.78188e+04   2.57568e+02  -1.26942e-05   1.30132e-01
   7  sosF         1.12435e+00   2.11123e-01  -4.06779e-04  -9.66391e-04
                               ERR DEF= 0.5
 EXTERNAL ERROR MATRIX.    NDIM=  26    NPAR=  7    ERR DEF=0.5
  3.085e-09 -1.275e-10 -6.818e-09  2.026e-07  7.561e-04 -1.411e-03 -2.062e-06 
 -1.275e-10  2.799e-10 -1.058e-10 -1.867e-07 -3.429e-04  7.624e-04  1.580e-06 
 -6.818e-09 -1.058e-10  1.487e-07  2.471e-06 -4.144e-03  1.413e-02  1.196e-05 
  2.026e-07 -1.867e-07  2.471e-06  2.966e-03  4.041e+00 -3.286e+00 -5.786e-03 
  7.561e-04 -3.429e-04 -4.144e-03  4.041e+00  1.221e+05 -6.234e+04 -2.465e+01 
 -1.411e-03  7.624e-04  1.413e-02 -3.286e+00 -6.234e+04  6.634e+04  1.307e+01 
 -2.062e-06  1.580e-06  1.196e-05 -5.786e-03 -2.465e+01  1.307e+01  4.485e-02 
 PARAMETER  CORRELATION COEFFICIENTS  
       NO.  GLOBAL      1      2      3      4      5      6      7
        1  0.36013   1.000 -0.137 -0.318  0.067  0.039 -0.099 -0.175
        2  0.51646  -0.137  1.000 -0.016 -0.205 -0.059  0.177  0.446
        3  0.45558  -0.318 -0.016  1.000  0.118 -0.031  0.142  0.146
        4  0.56532   0.067 -0.205  0.118  1.000  0.212 -0.234 -0.502
        5  0.74027   0.039 -0.059 -0.031  0.212  1.000 -0.692 -0.333
        6  0.73336  -0.099  0.177  0.142 -0.234 -0.692  1.000  0.240
        7  0.69537  -0.175  0.446  0.146 -0.502 -0.333  0.240  1.000
 **********
 **   18 **HESSE        3500
 **********
 COVARIANCE MATRIX CALCULATED SUCCESSFULLY
 FCN=-276204 FROM HESSE     STATUS=OK             58 CALLS         755 TOTAL
                     EDM=0.000958103    STRATEGY= 1      ERROR MATRIX ACCURATE 
  EXT PARAMETER                                INTERNAL      INTERNAL  
  NO.   NAME      VALUE            ERROR       STEP SIZE       VALUE   
   1  acmsF        5.00000e+01   8.34602e-02   4.19044e-02   4.71245e+00
                                 WARNING -   - ABOVE PARAMETER IS AT LIMIT.
   2  betaF        5.99999e-02   6.67619e-04   8.38471e-02   1.57408e+00
   3  gammaF       2.95238e-02   3.92385e-04   8.74403e-04  -1.25550e+00
   4  meanF       -2.88693e+00   9.19774e-02   6.22157e-03  -6.15524e-01
   5  nBkgF        4.11200e+04   3.75184e+02   2.83796e-03   1.58782e-01
   6  nSigF        1.78188e+04   2.70445e+02   2.31081e-03  -5.21467e-01
   7  sosF         1.12435e+00   3.05297e-01   5.17068e-02  -8.07430e-01
                               ERR DEF= 0.5
 EXTERNAL ERROR MATRIX.    NDIM=  26    NPAR=  7    ERR DEF=0.5
  7.347e-09  2.689e-13  9.931e-10  6.003e-08 -3.422e-04 -3.072e-04 -1.912e-07 
  2.689e-13  3.626e-10  4.460e-10  2.144e-08  1.673e-04 -1.295e-04 -7.824e-08 
  9.931e-10  4.460e-10  1.540e-07  3.589e-06  1.835e-02  5.082e-03  1.222e-05 
  6.003e-08  2.144e-08  3.589e-06  8.461e-03  9.466e+00 -7.141e+00 -1.772e-02 
 -3.422e-04  1.673e-04  1.835e-02  9.466e+00  1.408e+05 -6.639e+04 -4.120e+01 
 -3.072e-04 -1.295e-04  5.082e-03 -7.141e+00 -6.639e+04  7.314e+04  3.390e+01 
 -1.912e-07 -7.824e-08  1.222e-05 -1.772e-02 -4.120e+01  3.390e+01  9.443e-02 
 PARAMETER  CORRELATION COEFFICIENTS  
       NO.  GLOBAL      1      2      3      4      5      6      7
        1  0.04746   1.000  0.000  0.030  0.008 -0.011 -0.013 -0.007
        2  0.06740   0.000  1.000  0.060  0.012  0.023 -0.025 -0.013
        3  0.32040   0.030  0.060  1.000  0.099  0.125  0.048  0.101
        4  0.64896   0.008  0.012  0.099  1.000  0.274 -0.287 -0.627
        5  0.68268  -0.011  0.023  0.125  0.274  1.000 -0.654 -0.357
        6  0.68893  -0.013 -0.025  0.048 -0.287 -0.654  1.000  0.408
        7  0.69178  -0.007 -0.013  0.101 -0.627 -0.357  0.408  1.000
 **********
 **   23 **HESSE        3500
 **********
 COVARIANCE MATRIX CALCULATED SUCCESSFULLY
 FCN=-276204 FROM HESSE     STATUS=OK             50 CALLS         805 TOTAL
                     EDM=0.000905917    STRATEGY= 1      ERROR MATRIX ACCURATE 
  EXT PARAMETER                                INTERNAL      INTERNAL  
  NO.   NAME      VALUE            ERROR       STEP SIZE       VALUE   
   1  acmsF        5.00000e+01   8.35171e-02   8.38088e-03   4.71245e+00
                                 WARNING -   - ABOVE PARAMETER IS AT LIMIT.
   2  betaF        5.99999e-02   6.66328e-04   1.67694e-02   1.57408e+00
   3  gammaF       2.95238e-02   3.91087e-04   3.49761e-05  -1.25550e+00
   4  meanF       -2.88693e+00   8.92852e-02   2.48863e-04  -6.15524e-01
   5  nBkgF        4.11200e+04   3.71873e+02   1.13519e-04   1.58782e-01
   6  nSigF        1.78188e+04   2.67123e+02   4.62162e-04  -5.21467e-01
   7  sosF         1.12435e+00   2.94998e-01   2.06827e-03  -8.07430e-01
                               ERR DEF= 0.5
 EXTERNAL ERROR MATRIX.    NDIM=  26    NPAR=  7    ERR DEF=0.5
  7.352e-09  1.229e-14  2.013e-10  1.102e-08 -7.154e-05 -6.032e-05 -3.458e-08 
  1.229e-14  3.618e-10  1.151e-10  4.958e-09  4.199e-05 -3.253e-05 -1.810e-08 
  2.013e-10  1.151e-10  1.529e-07  3.935e-06  1.916e-02  4.398e-03  1.070e-05 
  1.102e-08  4.958e-09  3.935e-06  7.973e-03  8.280e+00 -6.152e+00 -1.581e-02 
 -7.154e-05  4.199e-05  1.916e-02  8.280e+00  1.383e+05 -6.436e+04 -3.665e+01 
 -6.032e-05 -3.253e-05  4.398e-03 -6.152e+00 -6.436e+04  7.136e+04  3.007e+01 
 -3.458e-08 -1.810e-08  1.070e-05 -1.581e-02 -3.665e+01  3.007e+01  8.809e-02 
 PARAMETER  CORRELATION COEFFICIENTS  
       NO.  GLOBAL      1      2      3      4      5      6      7
        1  0.00959   1.000  0.000  0.006  0.001 -0.002 -0.003 -0.001
        2  0.01736   0.000  1.000  0.015  0.003  0.006 -0.006 -0.003
        3  0.31096   0.006  0.015  1.000  0.113  0.132  0.042  0.092
        4  0.62106   0.001  0.003  0.113  1.000  0.249 -0.258 -0.597
        5  0.67565  -0.002  0.006  0.132  0.249  1.000 -0.648 -0.332
        6  0.67932  -0.003 -0.006  0.042 -0.258 -0.648  1.000  0.379
        7  0.66217  -0.001 -0.003  0.092 -0.597 -0.332  0.379  1.000
alphaF[1.200]
meanF[-5.000]
nF[0.050]
nSigF[1653.351]
sigmaF[18.000]
sigmaF_2[3.716]
alphaP[1.200]
meanP[-3.971]
nP[1.104]
nSigP[784.233]
sigmaP[6.000]
sigmaP_2[4.225]

RooWorkspace(w) w contents

variables
---------
(acmsF,acmsP,alphaF,alphaP,betaF,betaP,eff,gammaF,gammaP,meanF,meanP,nBkgF,nBkgP,nF,nP,nSigF,nSigP,peakF,peakP,sigmaF,sigmaF_2,sigmaP,sigmaP_2,sosF,sosP,x)

p.d.f.s
-------
RooCMSShape::bkgFail[ x=x alpha=acmsF beta=betaF gamma=gammaF peak=peakF ] = 1.91031
RooCMSShape::bkgPass[ x=x alpha=acmsP beta=betaP gamma=gammaP peak=peakP ] = 1.91031
RooAddPdf::pdfFail[ nSigF * sigFail + nBkgF * bkgFail ] = 4.40397
RooAddPdf::pdfPass[ nSigP * sigPass + nBkgP * bkgPass ] = 7.96303
RooFFTConvPdf::sigFail[ sigPhysFail(x) (*) sigResFail(x) ] = 0.0286435
RooFFTConvPdf::sigPass[ sigPhysPass(x) (*) sigResPass(x) ] = 0.0511269
RooHistPdf::sigPhysFail[ pdfObs=(x) ] = 35600
RooHistPdf::sigPhysPass[ pdfObs=(x) ] = 35600
RooCBExGaussShape::sigResFail[ m=x  m0=meanF  sigma=sigResFail_3  alpha=alphaF  n=nF  sigma_2=sigResFail_6 ] = 1.68023e-119
RooCBExGaussShape::sigResPass[ m=x  m0=meanP  sigma=sigResPass_3  alpha=alphaP  n=nP  sigma_2=sigResPass_6 ] = 4.93331e-94

functions
--------
RooFormulaVar::sigResFail_3[ actualVars=(sigmaF,sosF) formula="sqrt(sigmaF*sigmaF+sosF*sosF)" ] = 18.0278
RooFormulaVar::sigResFail_6[ actualVars=(sigmaF_2,sosF) formula="sqrt(sigmaF_2*sigmaF_2+sosF*sosF)" ] = 3.8482
RooFormulaVar::sigResPass_3[ actualVars=(sigmaP,sosP) formula="sqrt(sigmaP*sigmaP+sosP*sosP)" ] = 6.08276
RooFormulaVar::sigResPass_6[ actualVars=(sigmaP_2,sosP) formula="sqrt(sigmaP_2*sigmaP_2+sosP*sosP)" ] = 4.34173

datasets
--------
RooDataHist::hPass(x)
RooDataHist::hFail(x)
RooDataHist::hGenZPass(x)
RooDataHist::hGenZFail(x)

embedded precalculated expensive components
-------------------------------------------
uid = 0 key=sigFail_sigPhysFail_CONV_sigResFail_CACHEHIST_Obs[x]_BufFrac0.1_BufStrat0 value=RooDataHist::sigFail_sigPhysFail_CONV_sigResFail_CACHEHIST_Obs[x]_BufFrac0.1_BufStrat0 parameters=( alphaF=1.2 meanF=-0 nF=0.05 sigmaF=18 sigmaF_2=3.716 sosF=1 )
uid = 1 key=sigPass_sigPhysPass_CONV_sigResPass_CACHEHIST_Obs[x]_BufFrac0.1_BufStrat0 value=RooDataHist::sigPass_sigPhysPass_CONV_sigResPass_CACHEHIST_Obs[x]_BufFrac0.1_BufStrat0 parameters=( alphaP=1.2 meanP=-0 nP=1.104 sigmaP=6 sigmaP_2=4.225 sosP=1 )
 title :  -  -1.566 < #eta_{SC} < -1.444 -  15.000 < probe_Pho_et < 20.000
