===> settings etc/config/settings_pho.py <===
import etc.config.settings_pho as tnpConf
[?1034h
[1mRooFit v3.60 -- Developed by Wouter Verkerke and David Kirkby[0m 
                Copyright (C) 2000-2013 NIKHEF, University of California & Stanford University
                All rights reserved, please read http://roofit.sourceforge.net/license.txt

===>  Output directory: 
results/Moriond17/tnpPhoID_Winter17MC//passingTight80X/
**** name: DY_madgraph_Winter17                                                                                 
  path    :  ['eos/cms/store/group/phys_egamma/tnp/80X/PhoEleIDs/Moriond17_v1/mc/TnPTree_DYJetsToLL_M-50_TuneCUETP8M1_13TeV-madgraphMLM-pythia8_DYToLL_madgraph_Moriond17.root']
  tnpTree :  GsfElectronToPhoID
   --- MC sample --- 
  nEvts    :  48652793
  mcTruth  :  True
  puTree   :  eos/cms/store/group/phys_egamma/tnp/80X/pu/Winter17/DY_madgraph_Winter17_pho.pu.puTree.root
  weight   :  weights_2016_runGH.totWeight

RooWorkspace(w) w contents

variables
---------
(acmsF,acmsP,alphaF,alphaP,betaF,betaP,eff,gammaF,gammaP,meanF,meanP,nBkgF,nBkgP,nF,nP,nSigF,nSigP,peakF,peakP,sigmaF,sigmaF_2,sigmaP,sigmaP_2,sosF,sosP,x)

p.d.f.s
-------
RooCMSShape::bkgFail[ x=x alpha=acmsF beta=betaF gamma=gammaF peak=peakF ] = 1.91031
RooCMSShape::bkgPass[ x=x alpha=acmsP beta=betaP gamma=gammaP peak=peakP ] = 1.91031
RooAddPdf::pdfFail[ nSigF * sigFail + nBkgF * bkgFail ] = 17.3771
RooAddPdf::pdfPass[ nSigP * sigPass + nBkgP * bkgPass ] = 19.9371
RooFFTConvPdf::sigFail[ sigPhysFail(x) (*) sigResFail(x) ] = 0.111321
RooFFTConvPdf::sigPass[ sigPhysPass(x) (*) sigResPass(x) ] = 0.127775
RooHistPdf::sigPhysFail[ pdfObs=(x) ] = 35600
RooHistPdf::sigPhysPass[ pdfObs=(x) ] = 35600
RooCBExGaussShape::sigResFail[ m=x  m0=meanF  sigma=sigResFail_3  alpha=alphaF  n=nF  sigma_2=sigResFail_6 ] = 0
RooCBExGaussShape::sigResPass[ m=x  m0=meanP  sigma=sigResPass_3  alpha=alphaP  n=nP  sigma_2=sigResPass_6 ] = 0

functions
--------
RooFormulaVar::sigResFail_3[ actualVars=(sigmaF,sosF) formula="sqrt(sigmaF*sigmaF+sosF*sosF)" ] = 2.23607
RooFormulaVar::sigResFail_6[ actualVars=(sigmaF_2,sosF) formula="sqrt(sigmaF_2*sigmaF_2+sosF*sosF)" ] = 2.23607
RooFormulaVar::sigResPass_3[ actualVars=(sigmaP,sosP) formula="sqrt(sigmaP*sigmaP+sosP*sosP)" ] = 1.41421
RooFormulaVar::sigResPass_6[ actualVars=(sigmaP_2,sosP) formula="sqrt(sigmaP_2*sigmaP_2+sosP*sosP)" ] = 1.80278

datasets
--------
RooDataHist::hPass(x)
RooDataHist::hFail(x)
RooDataHist::hGenZPass(x)
RooDataHist::hGenZFail(x)

embedded precalculated expensive components
-------------------------------------------
uid = 0 key=sigFail_sigPhysFail_CONV_sigResFail_CACHEHIST_Obs[x]_BufFrac0.1_BufStrat0 value=RooDataHist::sigFail_sigPhysFail_CONV_sigResFail_CACHEHIST_Obs[x]_BufFrac0.1_BufStrat0 parameters=( alphaF=2 meanF=-0 nF=3 sigmaF=2 sigmaF_2=2 sosF=1 )
uid = 1 key=sigPass_sigPhysPass_CONV_sigResPass_CACHEHIST_Obs[x]_BufFrac0.1_BufStrat0 value=RooDataHist::sigPass_sigPhysPass_CONV_sigResPass_CACHEHIST_Obs[x]_BufFrac0.1_BufStrat0 parameters=( alphaP=2 meanP=-0 nP=3 sigmaP=1 sigmaP_2=1.5 sosP=1 )
 title :  -  -2.500 < #eta_{SC} < -2.000 -  15.000 < probe_Pho_et < 20.000
 **********
 **   13 **MIGRAD        3000           1
 **********
 FIRST CALL TO USER FUNCTION AT NEW START POINT, WITH IFLAG=4.
 START MIGRAD MINIMIZATION.  STRATEGY  1.  CONVERGENCE WHEN EDM .LT. 1.00e-03
 FCN=-12470.8 FROM MIGRAD    STATUS=INITIATE      119 CALLS         120 TOTAL
                     EDM= unknown      STRATEGY= 1      NO ERROR MATRIX       
  EXT PARAMETER               CURRENT GUESS       STEP         FIRST   
  NO.   NAME      VALUE            ERROR          SIZE      DERIVATIVE 
   1  alphaP       1.73074e+00   2.30000e-01   9.83832e-01   4.71849e+00
   2  meanP        0.00000e+00   1.00000e+00   0.00000e+00   8.53641e+02
   3  nP           8.98041e-01   4.95000e-01   0.00000e+00  -3.42494e+01
   4  nSigP        3.02087e+03   5.03429e+02   0.00000e+00  -2.79167e+02
   5  sigmaP       3.11875e+00   1.50000e-01   0.00000e+00  -2.23126e+02
   6  sigmaP_2     1.50000e+00   5.00000e-01   0.00000e+00   2.52103e+02
                               ERR DEF= 0.5
 MIGRAD MINIMIZATION HAS CONVERGED.
 MIGRAD WILL VERIFY CONVERGENCE AND ERROR MATRIX.
 COVARIANCE MATRIX CALCULATED SUCCESSFULLY
 FCN=-12594.1 FROM MIGRAD    STATUS=CONVERGED     528 CALLS         529 TOTAL
                     EDM=5.07692e-05    STRATEGY= 1      ERROR MATRIX ACCURATE 
  EXT PARAMETER                                   STEP         FIRST   
  NO.   NAME      VALUE            ERROR          SIZE      DERIVATIVE 
   1  alphaP       2.63790e+00   4.49117e-02   2.54121e-03   9.17018e-02
   2  meanP       -4.07764e-01   3.60187e-01   1.12033e-03   5.22514e-02
   3  nP           5.00036e-02   2.28523e-01   3.17461e-02  -7.99313e-03
   4  nSigP        3.41064e+03   6.08035e+01   1.97602e-03   8.10783e-02
   5  sigmaP       3.71326e+00   2.37464e-01   3.13155e-03   1.06001e-02
   6  sigmaP_2     8.20965e-01   4.40530e-01   6.88168e-03   6.59868e-03
                               ERR DEF= 0.5
 EXTERNAL ERROR MATRIX.    NDIM=  26    NPAR=  6    ERR DEF=0.5
  2.018e-03  3.412e-03 -4.046e-05 -3.195e-01  1.450e-03 -5.138e-03 
  3.412e-03  1.300e-01 -4.950e-06 -7.631e-02  7.393e-02 -1.549e-01 
 -4.046e-05 -4.950e-06  3.308e-06 -2.606e-03 -9.078e-06  4.102e-06 
 -3.195e-01 -7.631e-02 -2.606e-03  3.698e+03 -2.219e-01  3.515e-02 
  1.450e-03  7.393e-02 -9.078e-06 -2.219e-01  5.654e-02 -8.059e-02 
 -5.138e-03 -1.549e-01  4.102e-06  3.515e-02 -8.059e-02  2.021e-01 
 PARAMETER  CORRELATION COEFFICIENTS  
       NO.  GLOBAL      1      2      3      4      5      6
        1  0.58227   1.000  0.211 -0.495 -0.117  0.136 -0.254
        2  0.97983   0.211  1.000 -0.008 -0.003  0.862 -0.956
        3  0.52366  -0.495 -0.008  1.000 -0.024 -0.021  0.005
        4  0.16137  -0.117 -0.003 -0.024  1.000 -0.015  0.001
        5  0.89497   0.136  0.862 -0.021 -0.015  1.000 -0.754
        6  0.96675  -0.254 -0.956  0.005  0.001 -0.754  1.000
 **********
 **   18 **HESSE        3000
 **********
 COVARIANCE MATRIX CALCULATED SUCCESSFULLY
 FCN=-12594.1 FROM HESSE     STATUS=OK             50 CALLS         579 TOTAL
                     EDM=4.5411e-05    STRATEGY= 1      ERROR MATRIX ACCURATE 
  EXT PARAMETER                                INTERNAL      INTERNAL  
  NO.   NAME      VALUE            ERROR       STEP SIZE       VALUE   
   1  alphaP       2.63790e+00   6.05283e-02   5.08241e-04   2.53043e-01
   2  meanP       -4.07764e-01   3.33126e-01   2.24065e-04  -8.16435e-02
   3  nP           5.00036e-02   2.67257e-02   2.80230e-01  -1.57249e+00
   4  nSigP        3.41064e+03   6.10525e+01   3.95203e-04   3.62662e-01
   5  sigmaP       3.71326e+00   2.27841e-01   1.25262e-04   1.37511e-01
   6  sigmaP_2     8.20965e-01   4.06740e-01   2.75267e-04  -1.08282e+00
                               ERR DEF= 0.5
 EXTERNAL ERROR MATRIX.    NDIM=  26    NPAR=  6    ERR DEF=0.5
  3.667e-03  1.587e-03 -2.874e-05 -8.979e-02  8.329e-05 -3.144e-03 
  1.587e-03  1.111e-01  1.488e-05 -2.256e-01  6.463e-02 -1.307e-01 
 -2.874e-05  1.488e-05  3.816e-07 -3.489e-03  1.231e-05 -1.497e-05 
 -8.979e-02 -2.256e-01 -3.489e-03  3.728e+03 -3.469e-01  1.875e-01 
  8.329e-05  6.463e-02  1.231e-05 -3.469e-01  5.204e-02 -6.857e-02 
 -3.144e-03 -1.307e-01 -1.497e-05  1.875e-01 -6.857e-02  1.712e-01 
 PARAMETER  CORRELATION COEFFICIENTS  
       NO.  GLOBAL      1      2      3      4      5      6
        1  0.79766   1.000  0.079 -0.768 -0.024  0.006 -0.125
        2  0.97638   0.079  1.000  0.072 -0.011  0.850 -0.947
        3  0.79328  -0.768  0.072  1.000 -0.093  0.087 -0.059
        4  0.18430  -0.024 -0.011 -0.093  1.000 -0.025  0.007
        5  0.88529   0.006  0.850  0.087 -0.025  1.000 -0.726
        6  0.96062  -0.125 -0.947 -0.059  0.007 -0.726  1.000
 **********
 **   23 **HESSE        3000
 **********
 COVARIANCE MATRIX CALCULATED SUCCESSFULLY
 FCN=-13519.3 FROM HESSE     STATUS=OK             62 CALLS         641 TOTAL
                     EDM=0.315073    STRATEGY= 1      ERROR MATRIX ACCURATE 
  EXT PARAMETER                                INTERNAL      INTERNAL  
  NO.   NAME      VALUE            ERROR       STEP SIZE       VALUE   
   1  alphaP       2.63790e+00   5.49204e-02   1.03681e-02   2.53043e-01
   2  meanP       -4.07764e-01   2.73664e-01   4.57094e-03  -8.16435e-02
   3  nP           5.00036e-02   2.10175e-02   3.63164e-01  -1.57249e+00
   4  nSigP        3.41064e+03   5.90814e+01   8.06215e-03   3.62662e-01
   5  sigmaP       3.71326e+00   2.02000e-01   2.55534e-03   1.37511e-01
   6  sigmaP_2     8.20965e-01   3.28110e-01   5.61545e-03  -1.08282e+00
                               ERR DEF= 0.5
 EXTERNAL ERROR MATRIX.    NDIM=  26    NPAR=  6    ERR DEF=0.5
  3.019e-03  2.955e-04 -2.233e-05 -3.514e-02 -7.637e-04 -1.487e-03 
  2.955e-04  7.497e-02  1.687e-05 -2.701e-01  4.542e-02 -8.406e-02 
 -2.233e-05  1.687e-05  3.000e-07 -3.838e-03  1.618e-05 -1.634e-05 
 -3.514e-02 -2.701e-01 -3.838e-03  3.491e+03 -4.129e-01  2.127e-01 
 -7.637e-04  4.542e-02  1.618e-05 -4.129e-01  4.088e-02 -4.421e-02 
 -1.487e-03 -8.406e-02 -1.634e-05  2.127e-01 -4.421e-02  1.101e-01 
 PARAMETER  CORRELATION COEFFICIENTS  
       NO.  GLOBAL      1      2      3      4      5      6
        1  0.76883   1.000  0.020 -0.742 -0.011 -0.069 -0.082
        2  0.96704   0.020  1.000  0.112 -0.017  0.820 -0.925
        3  0.76866  -0.742  0.112  1.000 -0.119  0.146 -0.090
        4  0.19641  -0.011 -0.017 -0.119  1.000 -0.035  0.011
        5  0.86335  -0.069  0.820  0.146 -0.035  1.000 -0.659
        6  0.94380  -0.082 -0.925 -0.090  0.011 -0.659  1.000
 **********
 **   13 **MIGRAD        3000           1
 **********
 FIRST CALL TO USER FUNCTION AT NEW START POINT, WITH IFLAG=4.
 START MIGRAD MINIMIZATION.  STRATEGY  1.  CONVERGENCE WHEN EDM .LT. 1.00e-03
 FCN=-13981 FROM MIGRAD    STATUS=INITIATE       67 CALLS          68 TOTAL
                     EDM= unknown      STRATEGY= 1      NO ERROR MATRIX       
  EXT PARAMETER               CURRENT GUESS       STEP         FIRST   
  NO.   NAME      VALUE            ERROR          SIZE      DERIVATIVE 
   1  alphaF       1.20003e+00   2.30000e-01   0.00000e+00   5.46931e-01
   2  meanF        0.00000e+00   1.00000e+00   0.00000e+00   5.31345e+02
   3  nF           1.55701e+00   4.95000e-01  -5.94954e-01   4.96908e+01
   4  nSigF        3.45688e+03   5.76097e+02   0.00000e+00  -2.92673e+02
   5  sigmaF       3.71326e+00   3.71326e-01   0.00000e+00  -9.91889e+01
   6  sigmaF_2     2.00000e+00   5.50000e-01   0.00000e+00   2.12560e+02
                               ERR DEF= 0.5
 MIGRAD MINIMIZATION HAS CONVERGED.
 MIGRAD WILL VERIFY CONVERGENCE AND ERROR MATRIX.
 COVARIANCE MATRIX CALCULATED SUCCESSFULLY
 FCN=-14066.5 FROM MIGRAD    STATUS=CONVERGED     425 CALLS         426 TOTAL
                     EDM=1.08458e-05    STRATEGY= 1      ERROR MATRIX ACCURATE 
  EXT PARAMETER                                   STEP         FIRST   
  NO.   NAME      VALUE            ERROR          SIZE      DERIVATIVE 
   1  alphaF       1.73958e+00   1.17779e-01   2.59425e-03   2.47044e-02
   2  meanF       -1.70038e+00   1.69555e-01   1.44539e-03   5.14043e-02
   3  nF           4.79030e-01   1.23736e-01   1.89660e-03   4.53109e-02
   4  nSigF        3.91187e+03   6.70678e+01   1.97008e-03  -4.41209e-02
   5  sigmaF       2.97061e+00   2.61825e-01   2.84669e-02** at limit **
   6  sigmaF_2     2.45702e+00   1.68623e-01   2.61832e-03   2.09441e-02
                               ERR DEF= 0.5
 EXTERNAL ERROR MATRIX.    NDIM=  26    NPAR=  6    ERR DEF=0.5
  1.394e-02 -6.241e-03 -1.406e-02  1.459e+00  5.146e-06  3.192e-03 
 -6.241e-03  2.876e-02  7.063e-03 -4.956e-01  2.003e-05 -2.429e-02 
 -1.406e-02  7.063e-03  1.535e-02 -1.891e+00 -3.596e-06 -4.636e-03 
  1.459e+00 -4.956e-01 -1.891e+00  4.499e+03  2.490e-04  2.970e-01 
  5.146e-06  2.003e-05 -3.596e-06  2.490e-04  1.625e-06 -1.116e-05 
  3.192e-03 -2.429e-02 -4.636e-03  2.970e-01 -1.116e-05  2.847e-02 
 PARAMETER  CORRELATION COEFFICIENTS  
       NO.  GLOBAL      1      2      3      4      5      6
        1  0.96526   1.000 -0.312 -0.961  0.184  0.034  0.160
        2  0.87220  -0.312  1.000  0.336 -0.044  0.093 -0.849
        3  0.96553  -0.961  0.336  1.000 -0.228 -0.023 -0.222
        4  0.26421   0.184 -0.044 -0.228  1.000  0.003  0.026
        5  0.13739   0.034  0.093 -0.023  0.003  1.000 -0.052
        6  0.86661   0.160 -0.849 -0.222  0.026 -0.052  1.000
 **********
 **   18 **HESSE        3000
 **********
 COVARIANCE MATRIX CALCULATED SUCCESSFULLY
 FCN=-14066.5 FROM HESSE     STATUS=OK             40 CALLS         466 TOTAL
                     EDM=1.15858e-05    STRATEGY= 1      ERROR MATRIX ACCURATE 
  EXT PARAMETER                                INTERNAL      INTERNAL  
  NO.   NAME      VALUE            ERROR       STEP SIZE       VALUE   
   1  alphaF       1.73958e+00   1.23465e-01   5.18850e-04  -5.59541e-01
   2  meanF       -1.70038e+00   1.70442e-01   2.89079e-04  -3.46997e-01
   3  nF           4.79030e-01   1.29823e-01   7.58642e-05  -9.73136e-01
   4  nSigF        3.91187e+03   6.72411e+01   7.88031e-05   3.66005e-01
   5  sigmaF       2.97061e+00   2.62868e-01   5.69338e-03  -1.57166e+00
                                 WARNING -   - ABOVE PARAMETER IS AT LIMIT.
   6  sigmaF_2     2.45702e+00   1.69378e-01   5.23664e-04  -2.92508e-01
                               ERR DEF= 0.5
 EXTERNAL ERROR MATRIX.    NDIM=  26    NPAR=  6    ERR DEF=0.5
  1.533e-02 -7.047e-03 -1.553e-02  1.639e+00  8.423e-07  3.710e-03 
 -7.047e-03  2.906e-02  7.903e-03 -5.952e-01  2.950e-06 -2.457e-02 
 -1.553e-02  7.903e-03  1.690e-02 -2.081e+00 -6.161e-07 -5.181e-03 
  1.639e+00 -5.952e-01 -2.081e+00  4.522e+03  4.703e-05  3.616e-01 
  8.423e-07  2.950e-06 -6.161e-07  4.703e-05  1.632e-06 -1.646e-06 
  3.710e-03 -2.457e-02 -5.181e-03  3.616e-01 -1.646e-06  2.873e-02 
 PARAMETER  CORRELATION COEFFICIENTS  
       NO.  GLOBAL      1      2      3      4      5      6
        1  0.96846   1.000 -0.334 -0.965  0.197  0.005  0.177
        2  0.87362  -0.334  1.000  0.357 -0.052  0.014 -0.850
        3  0.96874  -0.965  0.357  1.000 -0.238 -0.004 -0.235
        4  0.27312   0.197 -0.052 -0.238  1.000  0.001  0.032
        5  0.02064   0.005  0.014 -0.004  0.001  1.000 -0.008
        6  0.86789   0.177 -0.850 -0.235  0.032 -0.008  1.000
 **********
 **   23 **HESSE        3000
 **********
 COVARIANCE MATRIX CALCULATED SUCCESSFULLY
 FCN=-15264.5 FROM HESSE     STATUS=OK             58 CALLS         524 TOTAL
                     EDM=0.389931    STRATEGY= 1      ERROR MATRIX ACCURATE 
  EXT PARAMETER                                INTERNAL      INTERNAL  
  NO.   NAME      VALUE            ERROR       STEP SIZE       VALUE   
   1  alphaF       1.73958e+00   1.14266e-01   1.05845e-02  -5.59541e-01
   2  meanF       -1.70038e+00   1.93395e-01   5.89721e-03  -3.46997e-01
   3  nF           4.79030e-01   1.18378e-01   1.54763e-03  -9.73136e-01
   4  nSigF        3.91187e+03   6.43308e+01   1.60758e-03   3.66005e-01
   5  sigmaF       2.97061e+00   8.93374e-02   3.15719e-01  -1.57166e+00
                                 WARNING -   - ABOVE PARAMETER IS AT LIMIT.
   6  sigmaF_2     2.45702e+00   1.71679e-01   1.06827e-02  -2.92508e-01
                               ERR DEF= 0.5
 EXTERNAL ERROR MATRIX.    NDIM=  26    NPAR=  6    ERR DEF=0.5
  1.312e-02 -3.126e-03 -1.302e-02  1.334e+00  1.884e-05  1.556e-03 
 -3.126e-03  3.742e-02  4.624e-03 -3.050e-01  7.752e-05 -2.842e-02 
 -1.302e-02  4.624e-03  1.405e-02 -1.718e+00 -1.344e-05 -3.289e-03 
  1.334e+00 -3.050e-01 -1.718e+00  4.139e+03  1.057e-03  1.962e-01 
  1.884e-05  7.752e-05 -1.344e-05  1.057e-03  5.505e-07 -4.270e-05 
  1.556e-03 -2.842e-02 -3.289e-03  1.962e-01 -4.270e-05  2.952e-02 
 PARAMETER  CORRELATION COEFFICIENTS  
       NO.  GLOBAL      1      2      3      4      5      6
        1  0.96597   1.000 -0.141 -0.959  0.181  0.222  0.079
        2  0.91108  -0.141  1.000  0.202 -0.025  0.540 -0.855
        3  0.96536  -0.959  0.202  1.000 -0.225 -0.153 -0.162
        4  0.26254   0.181 -0.025 -0.225  1.000  0.022  0.018
        5  0.68784   0.222  0.540 -0.153  0.022  1.000 -0.335
        6  0.88302   0.079 -0.855 -0.162  0.018 -0.335  1.000

RooWorkspace(w) w contents

variables
---------
(acmsF,acmsP,alphaF,alphaP,betaF,betaP,eff,gammaF,gammaP,meanF,meanP,nBkgF,nBkgP,nF,nP,nSigF,nSigP,peakF,peakP,sigmaF,sigmaF_2,sigmaP,sigmaP_2,sosF,sosP,x)

p.d.f.s
-------
RooCMSShape::bkgFail[ x=x alpha=acmsF beta=betaF gamma=gammaF peak=peakF ] = 1.91031
RooCMSShape::bkgPass[ x=x alpha=acmsP beta=betaP gamma=gammaP peak=peakP ] = 1.91031
RooAddPdf::pdfFail[ nSigF * sigFail + nBkgF * bkgFail ] = 17.3771
RooAddPdf::pdfPass[ nSigP * sigPass + nBkgP * bkgPass ] = 19.9371
RooFFTConvPdf::sigFail[ sigPhysFail(x) (*) sigResFail(x) ] = 0.111321
RooFFTConvPdf::sigPass[ sigPhysPass(x) (*) sigResPass(x) ] = 0.127775
RooHistPdf::sigPhysFail[ pdfObs=(x) ] = 35600
RooHistPdf::sigPhysPass[ pdfObs=(x) ] = 35600
RooCBExGaussShape::sigResFail[ m=x  m0=meanF  sigma=sigResFail_3  alpha=alphaF  n=nF  sigma_2=sigResFail_6 ] = 0
RooCBExGaussShape::sigResPass[ m=x  m0=meanP  sigma=sigResPass_3  alpha=alphaP  n=nP  sigma_2=sigResPass_6 ] = 0

functions
--------
RooFormulaVar::sigResFail_3[ actualVars=(sigmaF,sosF) formula="sqrt(sigmaF*sigmaF+sosF*sosF)" ] = 2.23607
RooFormulaVar::sigResFail_6[ actualVars=(sigmaF_2,sosF) formula="sqrt(sigmaF_2*sigmaF_2+sosF*sosF)" ] = 2.23607
RooFormulaVar::sigResPass_3[ actualVars=(sigmaP,sosP) formula="sqrt(sigmaP*sigmaP+sosP*sosP)" ] = 1.41421
RooFormulaVar::sigResPass_6[ actualVars=(sigmaP_2,sosP) formula="sqrt(sigmaP_2*sigmaP_2+sosP*sosP)" ] = 1.80278

datasets
--------
RooDataHist::hPass(x)
RooDataHist::hFail(x)
RooDataHist::hGenZPass(x)
RooDataHist::hGenZFail(x)

embedded precalculated expensive components
-------------------------------------------
uid = 0 key=sigFail_sigPhysFail_CONV_sigResFail_CACHEHIST_Obs[x]_BufFrac0.1_BufStrat0 value=RooDataHist::sigFail_sigPhysFail_CONV_sigResFail_CACHEHIST_Obs[x]_BufFrac0.1_BufStrat0 parameters=( alphaF=2 meanF=-0 nF=3 sigmaF=2 sigmaF_2=2 sosF=1 )
uid = 1 key=sigPass_sigPhysPass_CONV_sigResPass_CACHEHIST_Obs[x]_BufFrac0.1_BufStrat0 value=RooDataHist::sigPass_sigPhysPass_CONV_sigResPass_CACHEHIST_Obs[x]_BufFrac0.1_BufStrat0 parameters=( alphaP=2 meanP=-0 nP=3 sigmaP=1 sigmaP_2=1.5 sosP=1 )
 title :  -  -2.000 < #eta_{SC} < -1.566 -  15.000 < probe_Pho_et < 20.000
 **********
 **   13 **MIGRAD        3000           1
 **********
 FIRST CALL TO USER FUNCTION AT NEW START POINT, WITH IFLAG=4.
 START MIGRAD MINIMIZATION.  STRATEGY  1.  CONVERGENCE WHEN EDM .LT. 1.00e-03
 FCN=-13704.2 FROM MIGRAD    STATUS=INITIATE      119 CALLS         120 TOTAL
                     EDM= unknown      STRATEGY= 1      NO ERROR MATRIX       
  EXT PARAMETER               CURRENT GUESS       STEP         FIRST   
  NO.   NAME      VALUE            ERROR          SIZE      DERIVATIVE 
   1  alphaP       1.73696e+00   2.30000e-01  -9.39258e-01   1.22100e+01
   2  meanP        0.00000e+00   1.00000e+00   0.00000e+00   6.46993e+02
   3  nP           8.53073e-01   4.95000e-01   0.00000e+00  -4.80687e+01
   4  nSigP        3.34951e+03   5.58201e+02   0.00000e+00  -2.97657e+02
   5  sigmaP       4.64715e+00   1.50000e-01   0.00000e+00  -1.49668e+02
   6  sigmaP_2     1.50000e+00   5.00000e-01   0.00000e+00   1.75775e+02
                               ERR DEF= 0.5
 MIGRAD MINIMIZATION HAS CONVERGED.
 MIGRAD WILL VERIFY CONVERGENCE AND ERROR MATRIX.
 COVARIANCE MATRIX CALCULATED SUCCESSFULLY
 FCN=-13798.7 FROM MIGRAD    STATUS=CONVERGED     357 CALLS         358 TOTAL
                     EDM=1.31685e-05    STRATEGY= 1      ERROR MATRIX ACCURATE 
  EXT PARAMETER                                   STEP         FIRST   
  NO.   NAME      VALUE            ERROR          SIZE      DERIVATIVE 
   1  alphaP       1.83729e+00   1.72422e-01   3.37605e-03   5.47703e-02
   2  meanP       -1.95673e+00   3.80170e-01   1.52744e-03  -9.50277e-02
   3  nP           7.89816e-01   2.80497e-01   3.53830e-03  -5.10791e-02
   4  nSigP        3.71702e+03   6.41846e+01   1.92143e-03   7.32547e-02
   5  sigmaP       4.15510e+00   3.58206e-01   4.15546e-03   2.99433e-02
   6  sigmaP_2     2.32694e+00   2.78471e-01   2.79729e-03  -4.27414e-02
                               ERR DEF= 0.5
 EXTERNAL ERROR MATRIX.    NDIM=  26    NPAR=  6    ERR DEF=0.5
  3.001e-02 -2.185e-02  4.602e-02 -1.761e+00 -3.217e-02  1.383e-02 
 -2.185e-02  1.449e-01 -1.772e-02  4.946e-01  1.195e-01 -9.902e-02 
  4.602e-02 -1.772e-02  7.935e-02 -3.705e+00 -3.390e-02  1.018e-02 
 -1.761e+00  4.946e-01 -3.705e+00  4.120e+03  8.999e-01 -3.092e-01 
 -3.217e-02  1.195e-01 -3.390e-02  8.999e-01  1.292e-01 -7.444e-02 
  1.383e-02 -9.902e-02  1.018e-02 -3.092e-01 -7.444e-02  7.785e-02 
 PARAMETER  CORRELATION COEFFICIENTS  
       NO.  GLOBAL      1      2      3      4      5      6
        1  0.96898   1.000 -0.331  0.943 -0.158 -0.517  0.286
        2  0.97378  -0.331  1.000 -0.165  0.020  0.873 -0.932
        3  0.96204   0.943 -0.165  1.000 -0.205 -0.335  0.130
        4  0.23628  -0.158  0.020 -0.205  1.000  0.039 -0.017
        5  0.93289  -0.517  0.873 -0.335  0.039  1.000 -0.742
        6  0.94726   0.286 -0.932  0.130 -0.017 -0.742  1.000
 **********
 **   18 **HESSE        3000
 **********
 COVARIANCE MATRIX CALCULATED SUCCESSFULLY
 FCN=-13798.7 FROM HESSE     STATUS=OK             40 CALLS         398 TOTAL
                     EDM=1.32778e-05    STRATEGY= 1      ERROR MATRIX ACCURATE 
  EXT PARAMETER                                INTERNAL      INTERNAL  
  NO.   NAME      VALUE            ERROR       STEP SIZE       VALUE   
   1  alphaP       1.83729e+00   1.81940e-01   6.75211e-04  -2.67949e+00
   2  meanP       -1.95673e+00   3.89200e-01   3.05488e-04  -4.02093e-01
   3  nP           7.89816e-01   2.94819e-01   1.41532e-04  -7.76917e-01
   4  nSigP        3.71702e+03   6.43434e+01   3.84287e-04   3.38006e-01
   5  sigmaP       4.15510e+00   3.69130e-01   1.66219e-04   3.08691e-01
   6  sigmaP_2     2.32694e+00   2.83918e-01   5.59459e-04  -3.42306e-01
                               ERR DEF= 0.5
 EXTERNAL ERROR MATRIX.    NDIM=  26    NPAR=  6    ERR DEF=0.5
  3.345e-02 -2.510e-02  5.136e-02 -2.019e+00 -3.663e-02  1.575e-02 
 -2.510e-02  1.518e-01 -2.210e-02  6.733e-01  1.266e-01 -1.036e-01 
  5.136e-02 -2.210e-02  8.774e-02 -4.118e+00 -4.029e-02  1.269e-02 
 -2.019e+00  6.733e-01 -4.118e+00  4.141e+03  1.179e+00 -4.094e-01 
 -3.663e-02  1.266e-01 -4.029e-02  1.179e+00  1.372e-01 -7.906e-02 
  1.575e-02 -1.036e-01  1.269e-02 -4.094e-01 -7.906e-02  8.093e-02 
 PARAMETER  CORRELATION COEFFICIENTS  
       NO.  GLOBAL      1      2      3      4      5      6
        1  0.97222   1.000 -0.352  0.948 -0.172 -0.541  0.303
        2  0.97500  -0.352  1.000 -0.191  0.027  0.877 -0.935
        3  0.96573   0.948 -0.191  1.000 -0.216 -0.367  0.151
        4  0.24593  -0.172  0.027 -0.216  1.000  0.049 -0.022
        5  0.93696  -0.541  0.877 -0.367  0.049  1.000 -0.750
        6  0.94933   0.303 -0.935  0.151 -0.022 -0.750  1.000
 **********
 **   23 **HESSE        3000
 **********
 COVARIANCE MATRIX CALCULATED SUCCESSFULLY
 FCN=-14876.8 FROM HESSE     STATUS=OK             54 CALLS         452 TOTAL
                     EDM=0.455596    STRATEGY= 1      ERROR MATRIX ACCURATE 
  EXT PARAMETER                                INTERNAL      INTERNAL  
  NO.   NAME      VALUE            ERROR       STEP SIZE       VALUE   
   1  alphaP       1.83729e+00   1.92335e-01   1.37743e-02  -2.67949e+00
   2  meanP       -1.95673e+00   3.25444e-01   6.23196e-03  -4.02093e-01
   3  nP           7.89816e-01   3.18706e-01   2.88726e-03  -7.76917e-01
   4  nSigP        3.71702e+03   6.22651e+01   7.83945e-03   3.38006e-01
   5  sigmaP       4.15510e+00   3.16465e-01   3.39086e-03   3.08691e-01
   6  sigmaP_2     2.32694e+00   2.39357e-01   1.14130e-02  -3.42306e-01
                               ERR DEF= 0.5
 EXTERNAL ERROR MATRIX.    NDIM=  26    NPAR=  6    ERR DEF=0.5
  3.743e-02 -1.824e-02  5.958e-02 -2.368e+00 -3.166e-02  1.128e-02 
 -1.824e-02  1.061e-01 -1.716e-02  5.486e-01  8.741e-02 -7.153e-02 
  5.958e-02 -1.716e-02  1.027e-01 -4.695e+00 -3.818e-02  9.753e-03 
 -2.368e+00  5.486e-01 -4.695e+00  3.878e+03  1.179e+00 -3.398e-01 
 -3.166e-02  8.741e-02 -3.818e-02  1.179e+00  1.007e-01 -5.262e-02 
  1.128e-02 -7.153e-02  9.753e-03 -3.398e-01 -5.262e-02  5.746e-02 
 PARAMETER  CORRELATION COEFFICIENTS  
       NO.  GLOBAL      1      2      3      4      5      6
        1  0.97699   1.000 -0.289  0.961 -0.197 -0.516  0.243
        2  0.96682  -0.289  1.000 -0.164  0.027  0.846 -0.916
        3  0.97278   0.961 -0.164  1.000 -0.235 -0.375  0.127
        4  0.26278  -0.197  0.027 -0.235  1.000  0.060 -0.023
        5  0.92258  -0.516  0.846 -0.375  0.060  1.000 -0.692
        6  0.93389   0.243 -0.916  0.127 -0.023 -0.692  1.000
 **********
 **   13 **MIGRAD        3000           1
 **********
 FIRST CALL TO USER FUNCTION AT NEW START POINT, WITH IFLAG=4.
 START MIGRAD MINIMIZATION.  STRATEGY  1.  CONVERGENCE WHEN EDM .LT. 1.00e-03
 FCN=-12896 FROM MIGRAD    STATUS=INITIATE       70 CALLS          71 TOTAL
                     EDM= unknown      STRATEGY= 1      NO ERROR MATRIX       
  EXT PARAMETER               CURRENT GUESS       STEP         FIRST   
  NO.   NAME      VALUE            ERROR          SIZE      DERIVATIVE 
   1  alphaF       1.20136e+00   2.30000e-01   0.00000e+00  -5.30580e+00
   2  meanF        0.00000e+00   1.00000e+00   0.00000e+00   6.45124e+02
   3  nF           1.05003e+00   4.95000e-01  -8.31564e-01   1.89500e+01
   4  nSigF        3.32273e+03   5.53738e+02   0.00000e+00  -3.15613e+02
   5  sigmaF       4.15510e+00   4.15510e-01   0.00000e+00  -1.57657e+02
   6  sigmaF_2     2.00000e+00   5.50000e-01   0.00000e+00   2.26247e+02
                               ERR DEF= 0.5
 MINUIT WARNING IN MIGRAD  
 ============== Negative diagonal element 5 in Error Matrix
 MINUIT WARNING IN MIGRAD  
 ============== Negative diagonal element 6 in Error Matrix
 MINUIT WARNING IN MIGRAD  
 ============== 1.00006 added to diagonal of error matrix
 MIGRAD FAILS TO FIND IMPROVEMENT
 EIGENVALUES OF SECOND-DERIVATIVE MATRIX:
        -1.5482e+00  9.7665e-01  9.9986e-01  1.0231e+00  1.9999e+00  2.5487e+00
 MINUIT WARNING IN HESSE   
 ============== MATRIX FORCED POS-DEF BY ADDING 1.550740 TO DIAGONAL.
 FCN=-13020.9 FROM HESSE     STATUS=NOT POSDEF     50 CALLS         674 TOTAL
                     EDM=26.6819    STRATEGY= 1      ERR MATRIX NOT POS-DEF
  EXT PARAMETER                APPROXIMATE        STEP         FIRST   
  NO.   NAME      VALUE            ERROR          SIZE      DERIVATIVE 
   1  alphaF       1.36343e+00   2.24858e-04   1.86588e-04   7.68517e-01
   2  meanF       -2.67362e+00   1.19082e-02   7.82954e-05  -1.80732e+00
   3  nF           7.38762e-01   6.55037e-02   1.38974e-03   1.89561e+00
   4  nSigF        3.75830e+03   4.10480e+01   1.93826e-03   4.91872e+00
   5  sigmaF       3.48928e+00   5.08465e-03   1.15958e-04   1.22885e-02
   6  sigmaF_2     3.02922e+00   9.24041e-03   1.19172e-04  -2.18120e+03
                               ERR DEF= 0.5
 MIGRAD FAILS TO FIND IMPROVEMENT
 MIGRAD TERMINATED WITHOUT CONVERGENCE.
 FCN=-13020.9 FROM MIGRAD    STATUS=FAILED        684 CALLS         685 TOTAL
                     EDM=26.6819    STRATEGY= 1      ERR MATRIX NOT POS-DEF
  EXT PARAMETER                APPROXIMATE        STEP         FIRST   
  NO.   NAME      VALUE            ERROR          SIZE      DERIVATIVE 
   1  alphaF       1.36343e+00   2.24858e-04   0.00000e+00   7.68517e-01
   2  meanF       -2.67362e+00   1.19082e-02   0.00000e+00  -1.80732e+00
   3  nF           7.38762e-01   6.55037e-02   0.00000e+00   1.89561e+00
   4  nSigF        3.75830e+03   4.10480e+01  -0.00000e+00   4.91872e+00
   5  sigmaF       3.48928e+00   5.08465e-03   0.00000e+00   1.22885e-02
   6  sigmaF_2     3.02922e+00   9.24041e-03   0.00000e+00  -2.18120e+03
                               ERR DEF= 0.5
 EXTERNAL ERROR MATRIX.    NDIM=  26    NPAR=  6    ERR DEF=0.5
  5.056e-08  1.706e-08  9.432e-08 -9.266e-06  7.282e-09  1.321e-08 
  1.706e-08  1.418e-04  7.777e-04 -1.181e-01  6.041e-05  1.097e-04 
  9.432e-08  7.777e-04  4.293e-03 -6.509e-01  3.321e-04  6.022e-04 
 -9.266e-06 -1.181e-01 -6.509e-01  1.685e+03 -5.043e-02 -9.146e-02 
  7.282e-09  6.041e-05  3.321e-04 -5.043e-02  2.585e-05  4.684e-05 
  1.321e-08  1.097e-04  6.022e-04 -9.146e-02  4.684e-05  8.539e-05 
ERR MATRIX NOT POS-DEF
 PARAMETER  CORRELATION COEFFICIENTS  
       NO.  GLOBAL      1      2      3      4      5      6
        1  0.00643   1.000  0.006  0.006 -0.001  0.006  0.006
        2  0.99839   0.006  1.000  0.997 -0.242  0.998  0.997
        3  0.99733   0.006  0.997  1.000 -0.242  0.997  0.995
        4  0.24206  -0.001 -0.242 -0.242  1.000 -0.242 -0.241
        5  0.99839   0.006  0.998  0.997 -0.242  1.000  0.997
        6  0.99740   0.006  0.997  0.995 -0.241  0.997  1.000
 ERR MATRIX NOT POS-DEF
 **********
 **   18 **HESSE        3000
 **********
 EIGENVALUES OF SECOND-DERIVATIVE MATRIX:
        -1.0318e-01  1.7649e-01  3.4172e-01  9.3200e-01  1.3385e+00  3.3145e+00
 MINUIT WARNING IN HESSE   
 ============== MATRIX FORCED POS-DEF BY ADDING 0.106494 TO DIAGONAL.
 FCN=-13020.9 FROM HESSE     STATUS=NOT POSDEF     88 CALLS         773 TOTAL
                     EDM=4657.93    STRATEGY= 1      ERR MATRIX NOT POS-DEF
  EXT PARAMETER                APPROXIMATE     INTERNAL      INTERNAL  
  NO.   NAME      VALUE            ERROR       STEP SIZE       VALUE   
   1  alphaF       1.36343e+00   1.09349e-01   1.33873e-01  -2.11045e+00
   2  meanF       -2.67362e+00   1.10762e+00   5.56482e-02  -5.64181e-01
   3  nF           7.38762e-01   1.70797e-01   6.79537e-02  -8.06273e-01
   4  nSigF        3.75830e+03   6.50436e+01   3.87651e-04   3.65318e-01
   5  sigmaF       3.48928e+00   6.13090e+00   1.97580e-01  -1.30112e+00
   6  sigmaF_2     3.02922e+00   2.79225e-01   6.68912e-02  -8.03712e-02
                               ERR DEF= 0.5
 EXTERNAL ERROR MATRIX.    NDIM=  26    NPAR=  6    ERR DEF=0.5
  1.210e-02 -1.090e-01 -1.349e-02  2.100e+00 -1.882e-01  2.376e-02 
 -1.090e-01  1.256e+00  1.768e-01 -2.379e+01  2.106e+00 -2.851e-01 
 -1.349e-02  1.768e-01  2.927e-02 -3.921e+00  2.990e-01 -3.994e-02 
  2.100e+00 -2.379e+01 -3.921e+00  4.232e+03 -4.080e+01  5.209e+00 
 -1.882e-01  2.106e+00  2.990e-01 -4.080e+01  3.588e+00 -4.622e-01 
  2.376e-02 -2.851e-01 -3.994e-02  5.209e+00 -4.622e-01  7.824e-02 
ERR MATRIX NOT POS-DEF
 PARAMETER  CORRELATION COEFFICIENTS  
       NO.  GLOBAL      1      2      3      4      5      6
        1  0.95754   1.000 -0.884 -0.717  0.294 -0.903  0.772
        2  0.99640  -0.884  1.000  0.922 -0.326  0.992 -0.909
        3  0.96515  -0.717  0.922  1.000 -0.352  0.923 -0.835
        4  0.36851   0.294 -0.326 -0.352  1.000 -0.331  0.286
        5  0.99699  -0.903  0.992  0.923 -0.331  1.000 -0.872
        6  0.94369   0.772 -0.909 -0.835  0.286 -0.872  1.000
 ERR MATRIX NOT POS-DEF
 **********
 **   23 **HESSE        3000
 **********
 EIGENVALUES OF SECOND-DERIVATIVE MATRIX:
        -3.3285e-01  1.7515e-01  3.0882e-01  9.2797e-01  1.3311e+00  3.5898e+00
 MINUIT WARNING IN HESSE   
 ============== MATRIX FORCED POS-DEF BY ADDING 0.336441 TO DIAGONAL.
 FCN=-14048.6 FROM HESSE     STATUS=NOT POSDEF     76 CALLS         849 TOTAL
                     EDM=251.965    STRATEGY= 1      ERR MATRIX NOT POS-DEF
  EXT PARAMETER                APPROXIMATE     INTERNAL      INTERNAL  
  NO.   NAME      VALUE            ERROR       STEP SIZE       VALUE   
   1  alphaF       1.36343e+00   1.36870e-01   1.17909e-01  -2.11045e+00
   2  meanF       -2.67362e+00   8.86856e-01   5.49510e-02  -5.64181e-01
   3  nF           7.38762e-01   1.37154e-01   5.75571e-02  -8.06273e-01
   4  nSigF        3.75830e+03   5.55990e+01   7.90809e-03   3.65318e-01
   5  sigmaF       3.48928e+00   6.51201e+00   3.05320e-01  -1.30112e+00
   6  sigmaF_2     3.02922e+00   1.32695e-01   8.43299e-02  -8.03712e-02
                               ERR DEF= 0.5
 EXTERNAL ERROR MATRIX.    NDIM=  26    NPAR=  6    ERR DEF=0.5
  1.908e-02 -1.181e-01 -1.611e-02  2.036e+00 -2.808e-01 -1.138e-02 
 -1.181e-01  7.983e-01  1.138e-01 -1.331e+01  1.865e+00  7.081e-02 
 -1.611e-02  1.138e-01  1.885e-02 -2.225e+00  2.692e-01  1.074e-02 
  2.036e+00 -1.331e+01 -2.225e+00  3.092e+03 -3.176e+01 -1.349e+00 
 -2.808e-01  1.865e+00  2.692e-01 -3.176e+01  4.417e+00  1.814e-01 
 -1.138e-02  7.081e-02  1.074e-02 -1.349e+00  1.814e-01  1.762e-02 
ERR MATRIX NOT POS-DEF
 PARAMETER  CORRELATION COEFFICIENTS  
       NO.  GLOBAL      1      2      3      4      5      6
        1  0.98006   1.000 -0.957 -0.850  0.265 -0.967 -0.621
        2  0.99565  -0.957  1.000  0.928 -0.268  0.993  0.597
        3  0.95843  -0.850  0.928  1.000 -0.291  0.933  0.589
        4  0.30458   0.265 -0.268 -0.291  1.000 -0.272 -0.183
        5  0.99775  -0.967  0.993  0.933 -0.272  1.000  0.650
        6  0.78951  -0.621  0.597  0.589 -0.183  0.650  1.000
 ERR MATRIX NOT POS-DEF

RooWorkspace(w) w contents

variables
---------
(acmsF,acmsP,alphaF,alphaP,betaF,betaP,eff,gammaF,gammaP,meanF,meanP,nBkgF,nBkgP,nF,nP,nSigF,nSigP,peakF,peakP,sigmaF,sigmaF_2,sigmaP,sigmaP_2,sosF,sosP,x)

p.d.f.s
-------
RooCMSShape::bkgFail[ x=x alpha=acmsF beta=betaF gamma=gammaF peak=peakF ] = 1.91031
RooCMSShape::bkgPass[ x=x alpha=acmsP beta=betaP gamma=gammaP peak=peakP ] = 1.91031
RooAddPdf::pdfFail[ nSigF * sigFail + nBkgF * bkgFail ] = 17.3771
RooAddPdf::pdfPass[ nSigP * sigPass + nBkgP * bkgPass ] = 19.9371
RooFFTConvPdf::sigFail[ sigPhysFail(x) (*) sigResFail(x) ] = 0.111321
RooFFTConvPdf::sigPass[ sigPhysPass(x) (*) sigResPass(x) ] = 0.127775
RooHistPdf::sigPhysFail[ pdfObs=(x) ] = 35600
RooHistPdf::sigPhysPass[ pdfObs=(x) ] = 35600
RooCBExGaussShape::sigResFail[ m=x  m0=meanF  sigma=sigResFail_3  alpha=alphaF  n=nF  sigma_2=sigResFail_6 ] = 0
RooCBExGaussShape::sigResPass[ m=x  m0=meanP  sigma=sigResPass_3  alpha=alphaP  n=nP  sigma_2=sigResPass_6 ] = 0

functions
--------
RooFormulaVar::sigResFail_3[ actualVars=(sigmaF,sosF) formula="sqrt(sigmaF*sigmaF+sosF*sosF)" ] = 2.23607
RooFormulaVar::sigResFail_6[ actualVars=(sigmaF_2,sosF) formula="sqrt(sigmaF_2*sigmaF_2+sosF*sosF)" ] = 2.23607
RooFormulaVar::sigResPass_3[ actualVars=(sigmaP,sosP) formula="sqrt(sigmaP*sigmaP+sosP*sosP)" ] = 1.41421
RooFormulaVar::sigResPass_6[ actualVars=(sigmaP_2,sosP) formula="sqrt(sigmaP_2*sigmaP_2+sosP*sosP)" ] = 1.80278

datasets
--------
RooDataHist::hPass(x)
RooDataHist::hFail(x)
RooDataHist::hGenZPass(x)
RooDataHist::hGenZFail(x)

embedded precalculated expensive components
-------------------------------------------
uid = 0 key=sigFail_sigPhysFail_CONV_sigResFail_CACHEHIST_Obs[x]_BufFrac0.1_BufStrat0 value=RooDataHist::sigFail_sigPhysFail_CONV_sigResFail_CACHEHIST_Obs[x]_BufFrac0.1_BufStrat0 parameters=( alphaF=2 meanF=-0 nF=3 sigmaF=2 sigmaF_2=2 sosF=1 )
uid = 1 key=sigPass_sigPhysPass_CONV_sigResPass_CACHEHIST_Obs[x]_BufFrac0.1_BufStrat0 value=RooDataHist::sigPass_sigPhysPass_CONV_sigResPass_CACHEHIST_Obs[x]_BufFrac0.1_BufStrat0 parameters=( alphaP=2 meanP=-0 nP=3 sigmaP=1 sigmaP_2=1.5 sosP=1 )
 title :  -  -1.566 < #eta_{SC} < -1.444 -  15.000 < probe_Pho_et < 20.000
 **********
 **   13 **MIGRAD        3000           1
 **********
 FIRST CALL TO USER FUNCTION AT NEW START POINT, WITH IFLAG=4.
 START MIGRAD MINIMIZATION.  STRATEGY  1.  CONVERGENCE WHEN EDM .LT. 1.00e-03
 FCN=-1467.2 FROM MIGRAD    STATUS=INITIATE      124 CALLS         125 TOTAL
                     EDM= unknown      STRATEGY= 1      NO ERROR MATRIX       
  EXT PARAMETER               CURRENT GUESS       STEP         FIRST   
  NO.   NAME      VALUE            ERROR          SIZE      DERIVATIVE 
   1  alphaP       1.61494e+00   2.30000e-01  -8.44240e-01   1.06977e+00
   2  meanP        0.00000e+00   1.00000e+00   0.00000e+00   9.43283e+01
   3  nP           2.12099e-01   4.95000e-01   0.00000e+00  -3.05348e+01
   4  nSigP        7.00439e+02   1.16690e+02   0.00000e+00  -8.68971e+01
   5  sigmaP       5.99931e+00   1.50000e-01   0.00000e+00  -7.42249e-01
   6  sigmaP_2     1.50000e+00   5.00000e-01   0.00000e+00   2.18381e+01
                               ERR DEF= 0.5
 MIGRAD MINIMIZATION HAS CONVERGED.
 MIGRAD WILL VERIFY CONVERGENCE AND ERROR MATRIX.
 COVARIANCE MATRIX CALCULATED SUCCESSFULLY
 FCN=-1502.98 FROM HESSE     STATUS=OK             42 CALLS         317 TOTAL
                     EDM=0.000742313    STRATEGY= 1      ERROR MATRIX ACCURATE 
  EXT PARAMETER                                   STEP         FIRST   
  NO.   NAME      VALUE            ERROR          SIZE      DERIVATIVE 
   1  alphaP       1.20060e+00   5.13409e-01   2.12339e-02   3.62600e-02
   2  meanP       -3.97013e+00   6.59552e-01   2.55513e-03  -8.02453e-03
   3  nP           1.09907e+00   3.11661e-01   3.52266e-03  -3.39259e-02
   4  nSigP        7.84336e+02   3.01596e+01   1.41725e-03   2.76827e-02
   5  sigmaP       6.00000e+00   8.16250e-01   2.03892e-02  -1.73266e-03
   6  sigmaP_2     4.22348e+00   5.76239e-01   2.71016e-03  -3.63995e-02
                               ERR DEF= 0.5
 MIGRAD MINIMIZATION HAS CONVERGED.
 FCN=-1502.98 FROM MIGRAD    STATUS=CONVERGED     332 CALLS         333 TOTAL
                     EDM=3.47782e-05    STRATEGY= 1  ERROR MATRIX UNCERTAINTY   3.3 per cent
  EXT PARAMETER                                   STEP         FIRST   
  NO.   NAME      VALUE            ERROR          SIZE      DERIVATIVE 
   1  alphaP       1.20001e+00   4.39354e-01  -2.91729e-02   3.93592e-03
   2  meanP       -3.97147e+00   6.60161e-01  -4.41793e-04   3.65644e-02
   3  nP           1.10410e+00   2.76115e-01   2.48379e-03   5.81757e-02
   4  nSigP        7.84233e+02   3.01402e+01  -1.87400e-04   3.57015e-02
   5  sigmaP       6.00000e+00   8.16670e-01   9.39796e-04** at limit **
   6  sigmaP_2     4.22545e+00   5.78436e-01   7.65207e-04   1.69149e-02
                               ERR DEF= 0.5
 EXTERNAL ERROR MATRIX.    NDIM=  26    NPAR=  6    ERR DEF=0.5
  9.785e-06 -7.935e-05 -2.004e-04  1.942e-03 -1.135e-08  4.239e-05 
 -7.935e-05  4.429e-01 -3.135e-02  1.272e+00 -6.387e-06 -3.453e-01 
 -2.004e-04 -3.135e-02  7.672e-02 -2.207e+00 -1.906e-06  8.248e-03 
  1.942e-03  1.272e+00 -2.207e+00  9.093e+02  1.281e-05 -7.841e-01 
 -1.135e-08 -6.387e-06 -1.906e-06  1.281e-05  1.613e-07  3.685e-06 
  4.239e-05 -3.453e-01  8.248e-03 -7.841e-01  3.685e-06  3.404e-01 
 PARAMETER  CORRELATION COEFFICIENTS  
       NO.  GLOBAL      1      2      3      4      5      6
        1  0.26092   1.000 -0.038 -0.231  0.021 -0.009  0.023
        2  0.89949  -0.038  1.000 -0.170  0.063 -0.024 -0.889
        3  0.44232  -0.231 -0.170  1.000 -0.264 -0.017  0.051
        4  0.27031   0.021  0.063 -0.264  1.000  0.001 -0.045
        5  0.04055  -0.009 -0.024 -0.017  0.001  1.000  0.016
        6  0.89605   0.023 -0.889  0.051 -0.045  0.016  1.000
 **********
 **   18 **HESSE        3000
 **********
 COVARIANCE MATRIX CALCULATED SUCCESSFULLY
 FCN=-1502.98 FROM HESSE     STATUS=OK             40 CALLS         373 TOTAL
                     EDM=7.43933e-05    STRATEGY= 1      ERROR MATRIX ACCURATE 
  EXT PARAMETER                                INTERNAL      INTERNAL  
  NO.   NAME      VALUE            ERROR       STEP SIZE       VALUE   
   1  alphaP       1.20001e+00   4.28171e-01   2.34180e-02  -1.56779e+00
   2  meanP       -3.97147e+00   6.55865e-01   2.59356e-03  -9.17845e-01
   3  nP           1.10410e+00   2.88985e-01   3.51420e-03  -6.11506e-01
   4  nSigP        7.84233e+02   3.01408e+01   1.41933e-03   3.50404e-01
   5  sigmaP       6.00000e+00   8.00055e-01   2.15826e-02   1.57061e+00
                                 WARNING -   - ABOVE PARAMETER IS AT LIMIT.
