===> settings etc/config/settings_pho.py <===
import etc.config.settings_pho as tnpConf
[?1034h
[1mRooFit v3.60 -- Developed by Wouter Verkerke and David Kirkby[0m 
                Copyright (C) 2000-2013 NIKHEF, University of California & Stanford University
                All rights reserved, please read http://roofit.sourceforge.net/license.txt

===>  Output directory: 
results/Moriond17/tnpPhoID_Winter17MC//passingMVA80Xwp80/
**** name: data_Run2016H                                                                                        
  path    :  ['eos/cms/store/group/phys_egamma/tnp/80X/PhoEleIDs/Moriond17_v1/data/TnPTree_SingleElectron_2016prompt_RunH.root', 'eos/cms/store/group/phys_egamma/tnp/80X/PhoEleIDs/Moriond17_v1/data/TnPTree_SingleElectron_2016rereco_RunG.root', 'eos/cms/store/group/phys_egamma/tnp/80X/PhoEleIDs/Moriond17_v1/data/TnPTree_SingleElectron_2016rereco_RunF.root', 'eos/cms/store/group/phys_egamma/tnp/80X/PhoEleIDs/Moriond17_v1/data/TnPTree_SingleElectron_2016rereco_RunE.root', 'eos/cms/store/group/phys_egamma/tnp/80X/PhoEleIDs/Moriond17_v1/data/TnPTree_SingleElectron_2016rereco_RunD.root', 'eos/cms/store/group/phys_egamma/tnp/80X/PhoEleIDs/Moriond17_v1/data/TnPTree_SingleElectron_2016rereco_RunC.root', 'eos/cms/store/group/phys_egamma/tnp/80X/PhoEleIDs/Moriond17_v1/data/TnPTree_SingleElectron_2016rereco_RunB.root']
  tnpTree :  GsfElectronToPhoID
   --- Data sample --- 
  lumi     :  36.212
alphaF[1.907]
meanF[-1.590]
nF[0.226]
nSigF[2703.509]
sigmaF[3.485]
sigmaF_2[2.805]
alphaP[2.246]
meanP[-0.676]
nP[0.374]
nSigP[4621.379]
sigmaP[3.471]
sigmaP_2[1.055]

RooWorkspace(w) w contents

variables
---------
(acmsF,acmsP,alphaF,alphaP,betaF,betaP,eff,gammaF,gammaP,meanF,meanP,nBkgF,nBkgP,nF,nP,nSigF,nSigP,peakF,peakP,sigmaF,sigmaF_2,sigmaP,sigmaP_2,sosF,sosP,x)

p.d.f.s
-------
RooCMSShape::bkgFail[ x=x alpha=acmsF beta=betaF gamma=gammaF peak=peakF ] = 1.91031
RooCMSShape::bkgPass[ x=x alpha=acmsP beta=betaP gamma=gammaP peak=peakP ] = 1.91031
RooAddPdf::pdfFail[ nSigF * sigFail + nBkgF * bkgFail ] = 10.7318
RooAddPdf::pdfPass[ nSigP * sigPass + nBkgP * bkgPass ] = 14.8147
RooFFTConvPdf::sigFail[ sigPhysFail(x) (*) sigResFail(x) ] = 0.0696971
RooFFTConvPdf::sigPass[ sigPhysPass(x) (*) sigResPass(x) ] = 0.0957523
RooHistPdf::sigPhysFail[ pdfObs=(x) ] = 35600
RooHistPdf::sigPhysPass[ pdfObs=(x) ] = 35600
RooCBExGaussShape::sigResFail[ m=x  m0=meanF  sigma=sigResFail_3  alpha=alphaF  n=nF  sigma_2=sigResFail_6 ] = 4.56072e-199
RooCBExGaussShape::sigResPass[ m=x  m0=meanP  sigma=sigResPass_3  alpha=alphaP  n=nP  sigma_2=sigResPass_6 ] = 0

functions
--------
RooFormulaVar::sigResFail_3[ actualVars=(sigmaF,sosF) formula="sqrt(sigmaF*sigmaF+sosF*sosF)" ] = 3.62563
RooFormulaVar::sigResFail_6[ actualVars=(sigmaF_2,sosF) formula="sqrt(sigmaF_2*sigmaF_2+sosF*sosF)" ] = 2.97792
RooFormulaVar::sigResPass_3[ actualVars=(sigmaP,sosP) formula="sqrt(sigmaP*sigmaP+sosP*sosP)" ] = 3.61218
RooFormulaVar::sigResPass_6[ actualVars=(sigmaP_2,sosP) formula="sqrt(sigmaP_2*sigmaP_2+sosP*sosP)" ] = 1.45362

datasets
--------
RooDataHist::hPass(x)
RooDataHist::hFail(x)
RooDataHist::hGenZPass(x)
RooDataHist::hGenZFail(x)

embedded precalculated expensive components
-------------------------------------------
uid = 0 key=sigFail_sigPhysFail_CONV_sigResFail_CACHEHIST_Obs[x]_BufFrac0.1_BufStrat0 value=RooDataHist::sigFail_sigPhysFail_CONV_sigResFail_CACHEHIST_Obs[x]_BufFrac0.1_BufStrat0 parameters=( alphaF=1.907 meanF=-0 nF=0.226 sigmaF=3.485 sigmaF_2=2.805 sosF=1 )
uid = 1 key=sigPass_sigPhysPass_CONV_sigResPass_CACHEHIST_Obs[x]_BufFrac0.1_BufStrat0 value=RooDataHist::sigPass_sigPhysPass_CONV_sigResPass_CACHEHIST_Obs[x]_BufFrac0.1_BufStrat0 parameters=( alphaP=2.246 meanP=-0 nP=0.374 sigmaP=3.471 sigmaP_2=1.055 sosP=1 )
 title :  -  -2.500 < #eta_{SC} < -2.000 -  15.000 < probe_Pho_et < 20.000
 **********
 **   13 **MIGRAD        3500           1
 **********
 FIRST CALL TO USER FUNCTION AT NEW START POINT, WITH IFLAG=4.
 START MIGRAD MINIMIZATION.  STRATEGY  1.  CONVERGENCE WHEN EDM .LT. 1.00e-03
 FCN=-79764.9 FROM MIGRAD    STATUS=INITIATE       47 CALLS          48 TOTAL
                     EDM= unknown      STRATEGY= 1      NO ERROR MATRIX       
  EXT PARAMETER               CURRENT GUESS       STEP         FIRST   
  NO.   NAME      VALUE            ERROR          SIZE      DERIVATIVE 
   1  acmsP        7.49932e+01   2.50000e+00   1.80521e+00   1.42567e+00
   2  betaP        4.00000e-02   5.00000e-03   0.00000e+00  -7.76307e+01
   3  gammaP       1.00000e-01   4.75000e-02   0.00000e+00   4.32551e+02
   4  meanP        0.00000e+00   1.00000e+00   0.00000e+00   4.01531e+03
   5  nBkgP        1.52140e+03   7.60450e+02   0.00000e+00  -5.33000e+02
   6  nSigP        1.36926e+04   2.28205e+03   0.00000e+00  -8.62796e+02
   7  sosP         1.00000e+00   2.50000e-01   0.00000e+00   3.06561e+02
                               ERR DEF= 0.5
 MIGRAD MINIMIZATION HAS CONVERGED.
 MIGRAD WILL VERIFY CONVERGENCE AND ERROR MATRIX.
 MINUIT WARNING IN HESSE   
 ============== Negative diagonal element 1 in Error Matrix
 MINUIT WARNING IN HESSE   
 ============== 1.07405 added to diagonal of error matrix
 COVARIANCE MATRIX CALCULATED SUCCESSFULLY
 FCN=-80348.7 FROM MIGRAD    STATUS=CONVERGED     339 CALLS         340 TOTAL
                     EDM=2.48974e-05    STRATEGY= 1      ERROR MATRIX ACCURATE 
  EXT PARAMETER                                   STEP         FIRST   
  NO.   NAME      VALUE            ERROR          SIZE      DERIVATIVE 
   1  acmsP        7.49998e+01   1.60725e+01   1.55258e-01  -1.37869e-03
   2  betaP        4.50407e-02   7.27021e-03   3.90918e-02  -6.15394e-03
   3  gammaP       8.06473e-02   6.65805e-03   3.22227e-03   1.17229e-01
   4  meanP       -1.52810e+00   5.64861e-02   1.63042e-03   1.50866e-01
   5  nBkgP        1.77834e+03   1.23063e+02   3.05652e-03  -6.20146e-02
   6  nSigP        1.45178e+04   1.59460e+02   2.28506e-03   1.40240e-01
   7  sosP         1.70913e+00   7.40322e-02   5.06045e-03   4.41078e-02
                               ERR DEF= 0.5
 EXTERNAL ERROR MATRIX.    NDIM=  26    NPAR=  7    ERR DEF=0.5
  5.068e-03  7.261e-05 -1.072e-04 -1.074e-05 -4.400e-01  1.984e-01  7.069e-05 
  7.261e-05  5.473e-05  3.052e-05  1.045e-04 -3.596e-01 -2.483e-01 -9.071e-05 
 -1.072e-04  3.052e-05  4.434e-05  3.531e-05 -3.288e-01  9.838e-02  3.554e-05 
 -1.074e-05  1.045e-04  3.531e-05  3.191e-03  2.182e-01 -1.268e+00 -2.895e-03 
 -4.400e-01 -3.596e-01 -3.288e-01  2.182e-01  1.515e+04 -7.564e+03 -6.558e-01 
  1.984e-01 -2.483e-01  9.838e-02 -1.268e+00 -7.564e+03  2.543e+04  1.787e+00 
  7.069e-05 -9.071e-05  3.554e-05 -2.895e-03 -6.558e-01  1.787e+00  5.483e-03 
 PARAMETER  CORRELATION COEFFICIENTS  
       NO.  GLOBAL      1      2      3      4      5      6      7
        1  0.47027   1.000  0.138 -0.226 -0.003 -0.050  0.017  0.013
        2  0.79712   0.138  1.000  0.620  0.250 -0.395 -0.210 -0.166
        3  0.75850  -0.226  0.620  1.000  0.094 -0.401  0.093  0.072
        4  0.71215  -0.003  0.250  0.094  1.000  0.031 -0.141 -0.692
        5  0.63046  -0.050 -0.395 -0.401  0.031  1.000 -0.385 -0.072
        6  0.59515   0.017 -0.210  0.093 -0.141 -0.385  1.000  0.151
        7  0.71799   0.013 -0.166  0.072 -0.692 -0.072  0.151  1.000
 **********
 **   18 **HESSE        3500
 **********
 EIGENVALUES OF SECOND-DERIVATIVE MATRIX:
        -3.5340e-02  2.0375e-01  2.8163e-01  5.1472e-01  1.2897e+00  1.7066e+00  3.0389e+00
 MINUIT WARNING IN HESSE   
 ============== MATRIX FORCED POS-DEF BY ADDING 0.038379 TO DIAGONAL.
 FCN=-80348.7 FROM HESSE     STATUS=NOT POSDEF     54 CALLS         394 TOTAL
                     EDM=0.00122336    STRATEGY= 1      ERR MATRIX NOT POS-DEF
  EXT PARAMETER                APPROXIMATE     INTERNAL      INTERNAL  
  NO.   NAME      VALUE            ERROR       STEP SIZE       VALUE   
   1  acmsP        7.49998e+01   1.96194e+01   5.00000e-01   1.57582e+00
   2  betaP        4.50407e-02   1.11583e-02   1.56367e-03   4.13294e-01
   3  gammaP       8.06473e-02   4.93083e-02   1.28891e-04  -1.01210e+00
   4  meanP       -1.52810e+00   7.29093e-02   3.26084e-04  -3.10590e-01
   5  nBkgP        1.77834e+03   1.46630e+02   1.22261e-04  -1.00505e+00
   6  nSigP        1.45178e+04   2.96617e+02   9.14023e-05   2.75783e-01
   7  sosP         1.70913e+00   1.03495e-01   2.02418e-04  -4.80936e-01
                               ERR DEF= 0.5
 EXTERNAL ERROR MATRIX.    NDIM=  26    NPAR=  7    ERR DEF=0.5
  4.657e-01  6.187e-03 -3.357e-02 -3.365e-02 -5.951e+01  1.728e+02  5.189e-02 
  6.187e-03  1.358e-04 -4.149e-04 -3.487e-04 -1.119e+00  2.020e+00  6.033e-04 
 -3.357e-02 -4.149e-04  2.460e-03  2.463e-03  3.993e+00 -1.240e+01 -3.712e-03 
 -3.365e-02 -3.487e-04  2.463e-03  5.316e-03  4.438e+00 -1.359e+01 -6.271e-03 
 -5.951e+01 -1.119e+00  3.993e+00  4.438e+00  2.150e+04 -2.855e+04 -7.108e+00 
  1.728e+02  2.020e+00 -1.240e+01 -1.359e+01 -2.855e+04  8.800e+04  2.076e+01 
  5.189e-02  6.033e-04 -3.712e-03 -6.271e-03 -7.108e+00  2.076e+01  1.072e-02 
ERR MATRIX NOT POS-DEF
 PARAMETER  CORRELATION COEFFICIENTS  
       NO.  GLOBAL      1      2      3      4      5      6      7
        1  0.99743   1.000  0.778 -0.992 -0.676 -0.595  0.854  0.734
        2  0.92335   0.778  1.000 -0.718 -0.410 -0.655  0.584  0.500
        3  0.99631  -0.992 -0.718  1.000  0.681  0.549 -0.843 -0.723
        4  0.84564  -0.676 -0.410  0.681  1.000  0.415 -0.628 -0.831
        5  0.76890  -0.595 -0.655  0.549  0.415  1.000 -0.656 -0.468
        6  0.90568   0.854  0.584 -0.843 -0.628 -0.656  1.000  0.676
        7  0.87247   0.734  0.500 -0.723 -0.831 -0.468  0.676  1.000
 ERR MATRIX NOT POS-DEF
 **********
 **   23 **HESSE        3500
 **********
 EIGENVALUES OF SECOND-DERIVATIVE MATRIX:
        -3.5776e-02  2.0387e-01  2.8159e-01  5.1456e-01  1.2898e+00  1.7068e+00  3.0392e+00
 MINUIT WARNING IN HESSE   
 ============== MATRIX FORCED POS-DEF BY ADDING 0.038815 TO DIAGONAL.
 FCN=-80348.7 FROM HESSE     STATUS=NOT POSDEF     54 CALLS         448 TOTAL
                     EDM=0.00122177    STRATEGY= 1      ERR MATRIX NOT POS-DEF
  EXT PARAMETER                APPROXIMATE     INTERNAL      INTERNAL  
  NO.   NAME      VALUE            ERROR       STEP SIZE       VALUE   
   1  acmsP        7.49998e+01   1.96832e+01   5.00000e-01   1.57582e+00
   2  betaP        4.50407e-02   1.10079e-02   3.12735e-04   4.13294e-01
   3  gammaP       8.06473e-02   4.93983e-02   2.57782e-05  -1.01210e+00
   4  meanP       -1.52810e+00   7.30993e-02   6.52169e-05  -3.10590e-01
   5  nBkgP        1.77834e+03   1.45806e+02   2.44521e-05  -1.00505e+00
   6  nSigP        1.45178e+04   2.97253e+02   1.82805e-05   2.75783e-01
   7  sosP         1.70913e+00   1.03593e-01   4.04836e-05  -4.80936e-01
                               ERR DEF= 0.5
 EXTERNAL ERROR MATRIX.    NDIM=  26    NPAR=  7    ERR DEF=0.5
  4.648e-01  6.031e-03 -3.360e-02 -3.382e-02 -5.857e+01  1.732e+02  5.194e-02 
  6.031e-03  1.319e-04 -4.048e-04 -3.405e-04 -1.088e+00  1.971e+00  5.879e-04 
 -3.360e-02 -4.048e-04  2.469e-03  2.482e-03  3.938e+00 -1.246e+01 -3.727e-03 
 -3.382e-02 -3.405e-04  2.482e-03  5.344e-03  4.399e+00 -1.370e+01 -6.299e-03 
 -5.857e+01 -1.088e+00  3.938e+00  4.399e+00  2.126e+04 -2.828e+04 -7.021e+00 
  1.732e+02  1.971e+00 -1.246e+01 -1.370e+01 -2.828e+04  8.838e+04  2.086e+01 
  5.194e-02  5.879e-04 -3.727e-03 -6.299e-03 -7.021e+00  2.086e+01  1.074e-02 
ERR MATRIX NOT POS-DEF
 PARAMETER  CORRELATION COEFFICIENTS  
       NO.  GLOBAL      1      2      3      4      5      6      7
        1  0.99742   1.000  0.770 -0.992 -0.679 -0.589  0.854  0.735
        2  0.92098   0.770  1.000 -0.709 -0.406 -0.650  0.577  0.494
        3  0.99632  -0.992 -0.709  1.000  0.683  0.544 -0.844 -0.724
        4  0.84658  -0.679 -0.406  0.683  1.000  0.413 -0.631 -0.831
        5  0.76600  -0.589 -0.650  0.544  0.413  1.000 -0.652 -0.465
        6  0.90615   0.854  0.577 -0.844 -0.631 -0.652  1.000  0.677
        7  0.87278   0.735  0.494 -0.724 -0.831 -0.465  0.677  1.000
 ERR MATRIX NOT POS-DEF
 **********
 **   13 **MIGRAD        3500           1
 **********
 FIRST CALL TO USER FUNCTION AT NEW START POINT, WITH IFLAG=4.
 START MIGRAD MINIMIZATION.  STRATEGY  1.  CONVERGENCE WHEN EDM .LT. 1.00e-03
 FCN=-229995 FROM MIGRAD    STATUS=INITIATE      131 CALLS         132 TOTAL
                     EDM= unknown      STRATEGY= 1      NO ERROR MATRIX       
  EXT PARAMETER               CURRENT GUESS       STEP         FIRST   
  NO.   NAME      VALUE            ERROR          SIZE      DERIVATIVE 
   1  acmsF        6.03266e+01   2.50000e+00   0.00000e+00   5.13420e+01
   2  betaF        5.99987e-02   5.00000e-03   1.35928e+00  -6.16197e-01
   3  gammaF       7.76840e-03   4.75000e-02   0.00000e+00   2.73371e+02
   4  meanF        0.00000e+00   1.00000e+00   0.00000e+00   4.16733e+03
   5  nBkgF        4.20630e+03   2.10290e+03   0.00000e+00  -1.13309e+04
   6  nSigF        3.78567e+04   6.30940e+03   0.00000e+00  -5.42904e+02
   7  sosF         1.00000e+00   2.50000e-01   0.00000e+00   8.54752e+01
                               ERR DEF= 0.5
 MIGRAD MINIMIZATION HAS CONVERGED.
 MIGRAD WILL VERIFY CONVERGENCE AND ERROR MATRIX.
 COVARIANCE MATRIX CALCULATED SUCCESSFULLY
 FCN=-239514 FROM MIGRAD    STATUS=CONVERGED     515 CALLS         516 TOTAL
                     EDM=0.000232897    STRATEGY= 1      ERROR MATRIX ACCURATE 
  EXT PARAMETER                                   STEP         FIRST   
  NO.   NAME      VALUE            ERROR          SIZE      DERIVATIVE 
   1  acmsF        5.00000e+01   1.47037e-01   5.17337e-02** at limit **
   2  betaF        6.00000e-02   9.81402e-04   9.46545e-02** at limit **
   3  gammaF       2.52217e-02   4.01199e-04   9.20379e-04  -1.83439e+00
   4  meanF       -2.08477e+00   7.36416e-02   4.96384e-03  -2.67944e-01
   5  nBkgF        3.70430e+04   3.19734e+02   2.76899e-03   1.08849e-01
   6  nSigF        1.50883e+04   2.26003e+02   2.28094e-03  -1.42939e-01
   7  sosF         1.08434e+00   2.41131e-01   4.77007e-02   8.40329e-02
                               ERR DEF= 0.5
 EXTERNAL ERROR MATRIX.    NDIM=  26    NPAR=  7    ERR DEF=0.5
  1.082e-06 -1.003e-12  1.892e-08  6.509e-07 -7.557e-03 -3.809e-03  2.104e-06 
 -1.003e-12  2.818e-12  4.751e-11  1.350e-09  1.128e-05 -9.398e-06  5.299e-09 
  1.892e-08  4.751e-11  1.610e-07  2.539e-06  1.475e-02  3.001e-03 -1.595e-05 
  6.509e-07  1.350e-09  2.539e-06  5.424e-03  2.367e+00 -1.438e+00  7.017e-03 
 -7.557e-03  1.128e-05  1.475e-02  2.367e+00  1.022e+05 -4.205e+04  1.301e+01 
 -3.809e-03 -9.398e-06  3.001e-03 -1.438e+00 -4.205e+04  5.108e+04 -9.599e+00 
  2.104e-06  5.299e-09 -1.595e-05  7.017e-03  1.301e+01 -9.599e+00  5.864e-02 
 PARAMETER  CORRELATION COEFFICIENTS  
       NO.  GLOBAL      1      2      3      4      5      6      7
        1  0.07089   1.000 -0.001  0.045  0.008 -0.023 -0.016  0.008
        2  0.07897  -0.001  1.000  0.071  0.011  0.021 -0.025  0.013
        3  0.30289   0.045  0.071  1.000  0.086  0.115  0.033 -0.164
        4  0.42248   0.008  0.011  0.086  1.000  0.101 -0.086  0.393
        5  0.60523  -0.023  0.021  0.115  0.101  1.000 -0.582  0.168
        6  0.59501  -0.016 -0.025  0.033 -0.086 -0.582  1.000 -0.175
        7  0.47005   0.008  0.013 -0.164  0.393  0.168 -0.175  1.000
 **********
 **   18 **HESSE        3500
 **********
 COVARIANCE MATRIX CALCULATED SUCCESSFULLY
 FCN=-239514 FROM HESSE     STATUS=OK             50 CALLS         566 TOTAL
                     EDM=0.000239843    STRATEGY= 1      ERROR MATRIX ACCURATE 
  EXT PARAMETER                                INTERNAL      INTERNAL  
  NO.   NAME      VALUE            ERROR       STEP SIZE       VALUE   
   1  acmsF        5.00000e+01   1.47252e-01   1.03467e-02  -1.57025e+00
                                 WARNING -   - ABOVE PARAMETER IS AT LIMIT.
   2  betaF        6.00000e-02   9.80783e-04   1.89309e-02   1.57056e+00
                                 WARNING -   - ABOVE PARAMETER IS AT LIMIT.
   3  gammaF       2.52217e-02   4.00546e-04   3.68152e-05  -1.28470e+00
   4  meanF       -2.08477e+00   7.44009e-02   1.98553e-04  -4.30092e-01
   5  nBkgF        3.70430e+04   3.20634e+02   1.10759e-04   1.75094e-01
   6  nSigF        1.50883e+04   2.26673e+02   4.56188e-04  -5.48883e-01
   7  sosF         1.08434e+00   2.45269e-01   1.90803e-03  -2.30808e+00
                               ERR DEF= 0.5
 EXTERNAL ERROR MATRIX.    NDIM=  26    NPAR=  7    ERR DEF=0.5
  1.084e-06 -4.245e-14  4.074e-09  1.478e-07 -1.619e-03 -8.405e-04  4.978e-07 
 -4.245e-14  2.816e-12  9.241e-12  2.803e-10  2.248e-06 -1.879e-06  1.133e-09 
  4.074e-09  9.241e-12  1.604e-07  2.237e-06  1.418e-02  3.510e-03 -1.743e-05 
  1.478e-07  2.803e-10  2.237e-06  5.536e-03  2.567e+00 -1.577e+00  7.605e-03 
 -1.619e-03  2.248e-06  1.418e-02  2.567e+00  1.028e+05 -4.256e+04  1.421e+01 
 -8.405e-04 -1.879e-06  3.510e-03 -1.577e+00 -4.256e+04  5.138e+04 -1.045e+01 
  4.978e-07  1.133e-09 -1.743e-05  7.605e-03  1.421e+01 -1.045e+01  6.069e-02 
 PARAMETER  CORRELATION COEFFICIENTS  
       NO.  GLOBAL      1      2      3      4      5      6      7
        1  0.01538   1.000 -0.000  0.010  0.002 -0.005 -0.004  0.002
        2  0.01552  -0.000  1.000  0.014  0.002  0.004 -0.005  0.003
        3  0.29796   0.010  0.014  1.000  0.075  0.110  0.039 -0.177
        4  0.44177   0.002  0.002  0.075  1.000  0.108 -0.093  0.415
        5  0.60816  -0.005  0.004  0.110  0.108  1.000 -0.586  0.180
        6  0.59821  -0.004 -0.005  0.039 -0.093 -0.586  1.000 -0.187
        7  0.49393   0.002  0.003 -0.177  0.415  0.180 -0.187  1.000
 **********
 **   23 **HESSE        3500
 **********
 COVARIANCE MATRIX CALCULATED SUCCESSFULLY
 FCN=-239514 FROM HESSE     STATUS=OK             50 CALLS         616 TOTAL
                     EDM=0.000240165    STRATEGY= 1      ERROR MATRIX ACCURATE 
  EXT PARAMETER                                INTERNAL      INTERNAL  
  NO.   NAME      VALUE            ERROR       STEP SIZE       VALUE   
   1  acmsF        5.00000e+01   1.47257e-01   2.06935e-03  -1.57025e+00
                                 WARNING -   - ABOVE PARAMETER IS AT LIMIT.
   2  betaF        6.00000e-02   9.80766e-04   3.78618e-03   1.57056e+00
                                 WARNING -   - ABOVE PARAMETER IS AT LIMIT.
   3  gammaF       2.52217e-02   4.00514e-04   7.36303e-06  -1.28470e+00
   4  meanF       -2.08477e+00   7.44256e-02   3.97107e-05  -4.30092e-01
   5  nBkgF        3.70430e+04   3.20682e+02   2.21519e-05   1.75094e-01
   6  nSigF        1.50883e+04   2.26711e+02   9.12375e-05  -5.48883e-01
   7  sosF         1.08434e+00   2.45389e-01   3.81606e-04  -2.30808e+00
                               ERR DEF= 0.5
 EXTERNAL ERROR MATRIX.    NDIM=  26    NPAR=  7    ERR DEF=0.5
  1.084e-06 -2.090e-15  1.124e-09  4.132e-08 -4.458e-04 -2.324e-04  1.396e-07 
 -2.090e-15  2.816e-12  1.655e-12  5.048e-11  4.036e-07 -3.375e-07  2.049e-10 
  1.124e-09  1.655e-12  1.604e-07  2.226e-06  1.416e-02  3.532e-03 -1.748e-05 
  4.132e-08  5.048e-11  2.226e-06  5.540e-03  2.574e+00 -1.582e+00  7.624e-03 
 -4.458e-04  4.036e-07  1.416e-02  2.574e+00  1.028e+05 -4.258e+04  1.426e+01 
 -2.324e-04 -3.375e-07  3.532e-03 -1.582e+00 -4.258e+04  5.140e+04 -1.048e+01 
  1.396e-07  2.049e-10 -1.748e-05  7.624e-03  1.426e+01 -1.048e+01  6.075e-02 
 PARAMETER  CORRELATION COEFFICIENTS  
       NO.  GLOBAL      1      2      3      4      5      6      7
        1  0.00425   1.000 -0.000  0.003  0.001 -0.001 -0.001  0.001
        2  0.00278  -0.000  1.000  0.002  0.000  0.001 -0.001  0.000
        3  0.29773   0.003  0.002  1.000  0.075  0.110  0.039 -0.177
        4  0.44239   0.001  0.000  0.075  1.000  0.108 -0.094  0.416
        5  0.60832  -0.001  0.001  0.110  0.108  1.000 -0.586  0.180
        6  0.59838  -0.001 -0.001  0.039 -0.094 -0.586  1.000 -0.188
        7  0.49470   0.001  0.000 -0.177  0.416  0.180 -0.188  1.000
alphaF[1.450]
meanF[-3.015]
nF[0.457]
nSigF[2709.864]
sigmaF[4.102]
sigmaF_2[3.569]
alphaP[1.865]
meanP[-1.775]
nP[0.774]
nSigP[4778.654]
sigmaP[4.128]
sigmaP_2[2.143]

RooWorkspace(w) w contents

variables
---------
(acmsF,acmsP,alphaF,alphaP,betaF,betaP,eff,gammaF,gammaP,meanF,meanP,nBkgF,nBkgP,nF,nP,nSigF,nSigP,peakF,peakP,sigmaF,sigmaF_2,sigmaP,sigmaP_2,sosF,sosP,x)

p.d.f.s
-------
RooCMSShape::bkgFail[ x=x alpha=acmsF beta=betaF gamma=gammaF peak=peakF ] = 1.91031
RooCMSShape::bkgPass[ x=x alpha=acmsP beta=betaP gamma=gammaP peak=peakP ] = 1.91031
RooAddPdf::pdfFail[ nSigF * sigFail + nBkgF * bkgFail ] = 8.92106
RooAddPdf::pdfPass[ nSigP * sigPass + nBkgP * bkgPass ] = 12.4186
RooFFTConvPdf::sigFail[ sigPhysFail(x) (*) sigResFail(x) ] = 0.0577804
RooFFTConvPdf::sigPass[ sigPhysPass(x) (*) sigResPass(x) ] = 0.0799232
RooHistPdf::sigPhysFail[ pdfObs=(x) ] = 35600
RooHistPdf::sigPhysPass[ pdfObs=(x) ] = 35600
RooCBExGaussShape::sigResFail[ m=x  m0=meanF  sigma=sigResFail_3  alpha=alphaF  n=nF  sigma_2=sigResFail_6 ] = 9.25914e-129
RooCBExGaussShape::sigResPass[ m=x  m0=meanP  sigma=sigResPass_3  alpha=alphaP  n=nP  sigma_2=sigResPass_6 ] = 3.07568e-315

functions
--------
RooFormulaVar::sigResFail_3[ actualVars=(sigmaF,sosF) formula="sqrt(sigmaF*sigmaF+sosF*sosF)" ] = 4.22213
RooFormulaVar::sigResFail_6[ actualVars=(sigmaF_2,sosF) formula="sqrt(sigmaF_2*sigmaF_2+sosF*sosF)" ] = 3.70645
RooFormulaVar::sigResPass_3[ actualVars=(sigmaP,sosP) formula="sqrt(sigmaP*sigmaP+sosP*sosP)" ] = 4.2474
RooFormulaVar::sigResPass_6[ actualVars=(sigmaP_2,sosP) formula="sqrt(sigmaP_2*sigmaP_2+sosP*sosP)" ] = 2.36484

datasets
--------
RooDataHist::hPass(x)
RooDataHist::hFail(x)
RooDataHist::hGenZPass(x)
RooDataHist::hGenZFail(x)

embedded precalculated expensive components
-------------------------------------------
uid = 0 key=sigFail_sigPhysFail_CONV_sigResFail_CACHEHIST_Obs[x]_BufFrac0.1_BufStrat0 value=RooDataHist::sigFail_sigPhysFail_CONV_sigResFail_CACHEHIST_Obs[x]_BufFrac0.1_BufStrat0 parameters=( alphaF=1.45 meanF=-0 nF=0.457 sigmaF=4.102 sigmaF_2=3.569 sosF=1 )
uid = 1 key=sigPass_sigPhysPass_CONV_sigResPass_CACHEHIST_Obs[x]_BufFrac0.1_BufStrat0 value=RooDataHist::sigPass_sigPhysPass_CONV_sigResPass_CACHEHIST_Obs[x]_BufFrac0.1_BufStrat0 parameters=( alphaP=1.865 meanP=-0 nP=0.774 sigmaP=4.128 sigmaP_2=2.143 sosP=1 )
 title :  -  -2.000 < #eta_{SC} < -1.566 -  15.000 < probe_Pho_et < 20.000
 **********
 **   13 **MIGRAD        3500           1
 **********
 FIRST CALL TO USER FUNCTION AT NEW START POINT, WITH IFLAG=4.
 START MIGRAD MINIMIZATION.  STRATEGY  1.  CONVERGENCE WHEN EDM .LT. 1.00e-03
 FCN=-78821.3 FROM MIGRAD    STATUS=INITIATE       47 CALLS          48 TOTAL
                     EDM= unknown      STRATEGY= 1      NO ERROR MATRIX       
  EXT PARAMETER               CURRENT GUESS       STEP         FIRST   
  NO.   NAME      VALUE            ERROR          SIZE      DERIVATIVE 
   1  acmsP        7.49969e+01   2.50000e+00   1.79447e+00   8.72396e-01
   2  betaP        4.00000e-02   5.00000e-03   0.00000e+00  -8.85861e+01
   3  gammaP       1.00000e-01   4.75000e-02   0.00000e+00   3.11994e+02
   4  meanP        0.00000e+00   1.00000e+00   0.00000e+00   5.43870e+03
   5  nBkgP        1.52910e+03   7.64300e+02   0.00000e+00  -7.83698e+02
   6  nSigP        1.37619e+04   2.29360e+03   0.00000e+00  -7.55027e+02
   7  sosP         1.00000e+00   2.50000e-01   0.00000e+00   2.12334e+02
                               ERR DEF= 0.5
 MIGRAD MINIMIZATION HAS CONVERGED.
 MIGRAD WILL VERIFY CONVERGENCE AND ERROR MATRIX.
 MINUIT WARNING IN HESSE   
 ============== Negative diagonal element 1 in Error Matrix
 MINUIT WARNING IN HESSE   
 ============== 1.00585 added to diagonal of error matrix
 COVARIANCE MATRIX CALCULATED SUCCESSFULLY
 FCN=-80234.3 FROM MIGRAD    STATUS=CONVERGED     368 CALLS         369 TOTAL
                     EDM=3.16267e-05    STRATEGY= 1      ERROR MATRIX ACCURATE 
  EXT PARAMETER                                   STEP         FIRST   
  NO.   NAME      VALUE            ERROR          SIZE      DERIVATIVE 
   1  acmsP        7.49999e+01   1.53587e+01   5.00000e-01  -3.07635e-05
   2  betaP        1.00006e-02   7.35383e-03   2.34161e-01  -3.89660e-03
   3  gammaP       8.14428e-02   1.08387e-02   6.09630e-03  -1.06260e-01
   4  meanP       -2.57152e+00   5.95097e-02   2.04617e-03  -3.70251e-02
   5  nBkgP        1.82440e+03   1.33803e+02   3.80165e-03   1.01381e-01
   6  nSigP        1.50525e+04   1.61872e+02   2.30770e-03   1.44349e-01
   7  sosP         1.59020e+00   1.12140e-01   8.24806e-03   4.12867e-02
                               ERR DEF= 0.5
 EXTERNAL ERROR MATRIX.    NDIM=  26    NPAR=  7    ERR DEF=0.5
  2.214e-03  2.604e-08 -1.589e-05 -2.795e-06  1.614e-02  1.576e-02  7.776e-06 
  2.604e-08  1.870e-08  2.852e-07  1.192e-07 -1.359e-03 -3.100e-04 -1.588e-07 
 -1.589e-05  2.852e-07  1.175e-04 -1.167e-04  1.875e-01  8.711e-01  4.071e-04 
 -2.795e-06  1.192e-07 -1.167e-04  3.542e-03  9.520e-01 -1.505e+00 -4.352e-03 
  1.614e-02 -1.359e-03  1.875e-01  9.520e-01  1.791e+04 -5.457e+03 -8.973e-01 
  1.576e-02 -3.100e-04  8.711e-01 -1.505e+00 -5.457e+03  2.620e+04  3.907e+00 
  7.776e-06 -1.588e-07  4.071e-04 -4.352e-03 -8.973e-01  3.907e+00  1.259e-02 
 PARAMETER  CORRELATION COEFFICIENTS  
       NO.  GLOBAL      1      2      3      4      5      6      7
        1  0.04538   1.000  0.004 -0.031 -0.001  0.003  0.002  0.001
        2  0.29252   0.004  1.000  0.192  0.015 -0.074 -0.014 -0.010
        3  0.64982  -0.031  0.192  1.000 -0.181  0.129  0.496  0.335
        4  0.65739  -0.001  0.015 -0.181  1.000  0.120 -0.156 -0.652
        5  0.43332   0.003 -0.074  0.129  0.120  1.000 -0.252 -0.060
        6  0.60790   0.002 -0.014  0.496 -0.156 -0.252  1.000  0.215
        7  0.68987   0.001 -0.010  0.335 -0.652 -0.060  0.215  1.000
 **********
 **   18 **HESSE        3500
 **********
 MINUIT WARNING IN HESSE   
 ============== Negative diagonal element 1 in Error Matrix
 MINUIT WARNING IN HESSE   
 ============== 1.00585 added to diagonal of error matrix
 COVARIANCE MATRIX CALCULATED SUCCESSFULLY
 FCN=-80234.3 FROM HESSE     STATUS=OK             58 CALLS         427 TOTAL
                     EDM=4.49516e-05    STRATEGY= 1      ERROR MATRIX ACCURATE 
  EXT PARAMETER                                INTERNAL      INTERNAL  
  NO.   NAME      VALUE            ERROR       STEP SIZE       VALUE   
   1  acmsP        7.49999e+01   1.53609e+01   5.00000e-01   1.57456e+00
   2  betaP        1.00006e-02   7.23866e-03   5.00000e-01   4.70544e+00
   3  gammaP       8.14428e-02   1.18494e-02   2.43852e-04  -1.00909e+00
   4  meanP       -2.57152e+00   5.94338e-02   8.18469e-05  -5.40195e-01
   5  nBkgP        1.82440e+03   1.35134e+02   1.52066e-04  -9.99051e-01
   6  nSigP        1.50525e+04   1.62202e+02   9.23078e-05   3.17851e-01
   7  sosP         1.59020e+00   1.12108e-01   3.29922e-04  -5.41551e-01
                               ERR DEF= 0.5
 EXTERNAL ERROR MATRIX.    NDIM=  26    NPAR=  7    ERR DEF=0.5
  2.215e-03  1.619e-07 -1.154e-05 -1.975e-07 -1.122e-02  5.463e-03  2.185e-06 
  1.619e-07  1.839e-08  7.062e-07  1.785e-07 -3.004e-03  5.764e-05 -1.597e-08 
 -1.154e-05  7.062e-07  1.405e-04 -1.091e-04  8.269e-02  8.854e-01  4.105e-04 
 -1.975e-07  1.785e-07 -1.091e-04  3.533e-03  9.406e-01 -1.487e+00 -4.334e-03 
 -1.122e-02 -3.004e-03  8.269e-02  9.406e-01  1.826e+04 -5.570e+03 -9.283e-01 
  5.463e-03  5.764e-05  8.854e-01 -1.487e+00 -5.570e+03  2.631e+04  3.933e+00 
  2.185e-06 -1.597e-08  4.105e-04 -4.334e-03 -9.283e-01  3.933e+00  1.258e-02 
 PARAMETER  CORRELATION COEFFICIENTS  
       NO.  GLOBAL      1      2      3      4      5      6      7
        1  0.05363   1.000  0.025 -0.021 -0.000 -0.002  0.001  0.000
        2  0.58159   0.025  1.000  0.439  0.022 -0.164  0.003 -0.001
        3  0.71855  -0.021  0.439  1.000 -0.155  0.052  0.461  0.309
        4  0.65629  -0.000  0.022 -0.155  1.000  0.117 -0.154 -0.650
        5  0.45134  -0.002 -0.164  0.052  0.117  1.000 -0.254 -0.061
        6  0.61001   0.001  0.003  0.461 -0.154 -0.254  1.000  0.216
        7  0.68966   0.000 -0.001  0.309 -0.650 -0.061  0.216  1.000
 **********
 **   23 **HESSE        3500
 **********
 MINUIT WARNING IN HESSE   
 ============== Negative diagonal element 1 in Error Matrix
 MINUIT WARNING IN HESSE   
 ============== 1.00585 added to diagonal of error matrix
 COVARIANCE MATRIX CALCULATED SUCCESSFULLY
 FCN=-80234.3 FROM HESSE     STATUS=OK             58 CALLS         485 TOTAL
                     EDM=4.5006e-05    STRATEGY= 1      ERROR MATRIX ACCURATE 
  EXT PARAMETER                                INTERNAL      INTERNAL  
  NO.   NAME      VALUE            ERROR       STEP SIZE       VALUE   
   1  acmsP        7.49999e+01   1.53609e+01   5.00000e-01   1.57456e+00
   2  betaP        1.00006e-02   7.24582e-03   5.00000e-01   4.70544e+00
   3  gammaP       8.14428e-02   1.18560e-02   4.87704e-05  -1.00909e+00
   4  meanP       -2.57152e+00   5.94292e-02   1.63694e-05  -5.40195e-01
   5  nBkgP        1.82440e+03   1.35124e+02   3.04132e-05  -9.99051e-01
   6  nSigP        1.50525e+04   1.62208e+02   1.84616e-05   3.17851e-01
   7  sosP         1.59020e+00   1.12103e-01   6.59845e-05  -5.41551e-01
                               ERR DEF= 0.5
 EXTERNAL ERROR MATRIX.    NDIM=  26    NPAR=  7    ERR DEF=0.5
  2.215e-03  1.615e-07 -1.159e-05 -1.719e-07 -1.122e-02  5.191e-03  2.049e-06 
  1.615e-07  1.841e-08  7.086e-07  1.776e-07 -3.002e-03  6.971e-05 -9.804e-09 
 -1.159e-05  7.086e-07  1.407e-04 -1.090e-04  8.223e-02  8.861e-01  4.108e-04 
 -1.719e-07  1.776e-07 -1.090e-04  3.532e-03  9.409e-01 -1.486e+00 -4.333e-03 
 -1.122e-02 -3.002e-03  8.223e-02  9.409e-01  1.826e+04 -5.573e+03 -9.292e-01 
  5.191e-03  6.971e-05  8.861e-01 -1.486e+00 -5.573e+03  2.631e+04  3.933e+00 
  2.049e-06 -9.804e-09  4.108e-04 -4.333e-03 -9.292e-01  3.933e+00  1.258e-02 
 PARAMETER  CORRELATION COEFFICIENTS  
       NO.  GLOBAL      1      2      3      4      5      6      7
        1  0.05366   1.000  0.025 -0.021 -0.000 -0.002  0.001  0.000
        2  0.58219   0.025  1.000  0.440  0.022 -0.164  0.003 -0.001
        3  0.71892  -0.021  0.440  1.000 -0.155  0.051  0.461  0.309
        4  0.65623  -0.000  0.022 -0.155  1.000  0.117 -0.154 -0.650
        5  0.45123  -0.002 -0.164  0.051  0.117  1.000 -0.254 -0.061
        6  0.61005   0.001  0.003  0.461 -0.154 -0.254  1.000  0.216
        7  0.68963   0.000 -0.001  0.309 -0.650 -0.061  0.216  1.000
 **********
 **   13 **MIGRAD        3500           1
 **********
 FIRST CALL TO USER FUNCTION AT NEW START POINT, WITH IFLAG=4.
 START MIGRAD MINIMIZATION.  STRATEGY  1.  CONVERGENCE WHEN EDM .LT. 1.00e-03
 FCN=-255886 FROM MIGRAD    STATUS=INITIATE      193 CALLS         194 TOTAL
                     EDM= unknown      STRATEGY= 1      NO ERROR MATRIX       
  EXT PARAMETER               CURRENT GUESS       STEP         FIRST   
  NO.   NAME      VALUE            ERROR          SIZE      DERIVATIVE 
   1  acmsF        5.24384e+01   2.50000e+00   0.00000e+00   3.82680e+01
   2  betaF        5.99999e-02   5.00000e-03   0.00000e+00   2.58915e-01
   3  gammaF       3.11795e-02   4.75000e-02   1.80051e-01   5.88019e+01
   4  meanF        0.00000e+00   1.00000e+00   0.00000e+00   4.12687e+03
   5  nBkgF        4.56930e+03   2.28440e+03   0.00000e+00  -9.57952e+03
   6  nSigF        4.11237e+04   6.85390e+03   0.00000e+00  -1.22927e+03
   7  sosF         4.99976e+00   2.50000e-01   0.00000e+00   1.54286e+01
                               ERR DEF= 0.5
 MIGRAD FAILS TO FIND IMPROVEMENT
 COVARIANCE MATRIX CALCULATED SUCCESSFULLY
 FCN=-264233 FROM HESSE     STATUS=OK             52 CALLS         543 TOTAL
                     EDM=31.3151    STRATEGY= 1      ERROR MATRIX ACCURATE 
  EXT PARAMETER                                   STEP         FIRST   
  NO.   NAME      VALUE            ERROR          SIZE      DERIVATIVE 
   1  acmsF        5.20675e+01   5.32141e-01   2.03935e-02  -6.46382e+01
   2  betaF        5.97520e-02   7.05287e-04   6.42687e-02   3.60812e+00
   3  gammaF       3.06250e-02   5.16769e-04   9.02049e-04   3.29806e+02
   4  meanF       -4.45525e+00   1.29232e-01   1.78234e-03  -1.01772e+02
   5  nBkgF        3.78729e+04   3.74550e+02   2.83665e-03  -1.40416e+02
   6  nSigF        1.81900e+04   2.88725e+02   2.37433e-03  -1.09214e+02
   7  sosF         4.59507e+00   4.87977e-03   3.53531e-03   9.72948e+01
                               ERR DEF= 0.5
 MIGRAD MINIMIZATION HAS CONVERGED.
 MIGRAD WILL VERIFY CONVERGENCE AND ERROR MATRIX.
 COVARIANCE MATRIX CALCULATED SUCCESSFULLY
 FCN=-264394 FROM MIGRAD    STATUS=CONVERGED     996 CALLS         997 TOTAL
                     EDM=0.000139983    STRATEGY= 1      ERROR MATRIX ACCURATE 
  EXT PARAMETER                                   STEP         FIRST   
  NO.   NAME      VALUE            ERROR          SIZE      DERIVATIVE 
   1  acmsF        5.00000e+01   1.01561e-01   4.51772e-02** at limit **
   2  betaF        6.00000e-02   8.45706e-04   9.22220e-02   2.07488e-02
   3  gammaF       2.90936e-02   3.98731e-04   8.69291e-04  -2.75433e+00
   4  meanF       -3.24472e+00   9.89155e-02   7.56324e-03   5.78234e-02
   5  nBkgF        4.04563e+04   3.78953e+02   2.85865e-03   2.20496e-01
   6  nSigF        1.67807e+04   2.75321e+02   2.37670e-03   3.51631e-01
   7  sosF         1.27479e+00   3.37126e-01   5.50497e-02  -3.07927e-02
                               ERR DEF= 0.5
 EXTERNAL ERROR MATRIX.    NDIM=  26    NPAR=  7    ERR DEF=0.5
  4.688e-07  9.736e-13  9.524e-09  6.143e-07 -3.105e-03 -3.020e-03 -2.041e-06 
  9.736e-13  8.433e-11  2.534e-10  1.284e-08  9.658e-05 -7.592e-05 -4.984e-08 
  9.524e-09  2.534e-10  1.590e-07  4.493e-06  1.860e-02  4.540e-03  1.845e-05 
  6.143e-07  1.284e-08  4.493e-06  9.786e-03  8.681e+00 -6.318e+00 -1.813e-02 
 -3.105e-03  9.658e-05  1.860e-02  8.681e+00  1.436e+05 -7.016e+04 -4.165e+01 
 -3.020e-03 -7.592e-05  4.540e-03 -6.318e+00 -7.016e+04  7.580e+04  3.385e+01 
 -2.041e-06 -4.984e-08  1.845e-05 -1.813e-02 -4.165e+01  3.385e+01  1.152e-01 
 PARAMETER  CORRELATION COEFFICIENTS  
       NO.  GLOBAL      1      2      3      4      5      6      7
        1  0.05693   1.000  0.000  0.035  0.009 -0.012 -0.016 -0.009
        2  0.07916   0.000  1.000  0.069  0.014  0.028 -0.030 -0.016
        3  0.34377   0.035  0.069  1.000  0.114  0.123  0.041  0.136
        4  0.57364   0.009  0.014  0.114  1.000  0.232 -0.232 -0.540
        5  0.69802  -0.012  0.028  0.123  0.232  1.000 -0.672 -0.324
        6  0.69760  -0.016 -0.030  0.041 -0.232 -0.672  1.000  0.362
        7  0.62774  -0.009 -0.016  0.136 -0.540 -0.324  0.362  1.000
 **********
 **   18 **HESSE        3500
 **********
 COVARIANCE MATRIX CALCULATED SUCCESSFULLY
 FCN=-264394 FROM HESSE     STATUS=OK             50 CALLS        1047 TOTAL
                     EDM=0.000141298    STRATEGY= 1      ERROR MATRIX ACCURATE 
  EXT PARAMETER                                INTERNAL      INTERNAL  
  NO.   NAME      VALUE            ERROR       STEP SIZE       VALUE   
   1  acmsF        5.00000e+01   1.01640e-01   9.03545e-03  -1.57037e+00
                                 WARNING -   - ABOVE PARAMETER IS AT LIMIT.
   2  betaF        6.00000e-02   8.43969e-04   1.84444e-02   1.57220e+00
   3  gammaF       2.90936e-02   3.96873e-04   3.47716e-05  -1.25831e+00
   4  meanF       -3.24472e+00   9.70973e-02   3.02530e-04  -7.06196e-01
   5  nBkgF        4.04563e+04   3.76819e+02   1.14346e-04   6.46470e+00
   6  nSigF        1.67807e+04   2.73181e+02   4.75340e-04  -5.35587e-01
   7  sosF         1.27479e+00   3.29303e-01   2.20199e-03  -7.15044e-01
                               ERR DEF= 0.5
 EXTERNAL ERROR MATRIX.    NDIM=  26    NPAR=  7    ERR DEF=0.5
  4.691e-07  3.924e-14  2.053e-09  1.227e-07 -6.849e-04 -6.359e-04 -4.022e-07 
  3.924e-14  8.416e-11  5.668e-11  2.640e-09  2.116e-05 -1.667e-05 -1.024e-08 
  2.053e-09  5.668e-11  1.575e-07  4.833e-06  1.938e-02  3.905e-03  1.666e-05 
  1.227e-07  2.640e-09  4.833e-06  9.430e-03  7.808e+00 -5.595e+00 -1.658e-02 
 -6.849e-04  2.116e-05  1.938e-02  7.808e+00  1.420e+05 -6.886e+04 -3.798e+01 
 -6.359e-04 -1.667e-05  3.905e-03 -5.595e+00 -6.886e+04  7.463e+04  3.077e+01 
 -4.022e-07 -1.024e-08  1.666e-05 -1.658e-02 -3.798e+01  3.077e+01  1.098e-01 
 PARAMETER  CORRELATION COEFFICIENTS  
       NO.  GLOBAL      1      2      3      4      5      6      7
        1  0.01223   1.000  0.000  0.008  0.002 -0.003 -0.003 -0.002
        2  0.01768   0.000  1.000  0.016  0.003  0.006 -0.007 -0.003
        3  0.33152   0.008  0.016  1.000  0.125  0.130  0.036  0.127
        4  0.55108   0.002  0.003  0.125  1.000  0.213 -0.211 -0.515
        5  0.69383  -0.003  0.006  0.130  0.213  1.000 -0.669 -0.304
        6  0.69179  -0.003 -0.007  0.036 -0.211 -0.669  1.000  0.340
        7  0.60174  -0.002 -0.003  0.127 -0.515 -0.304  0.340  1.000
 **********
 **   23 **HESSE        3500
 **********
 COVARIANCE MATRIX CALCULATED SUCCESSFULLY
 FCN=-264394 FROM HESSE     STATUS=OK             50 CALLS        1097 TOTAL
                     EDM=0.000142161    STRATEGY= 1      ERROR MATRIX ACCURATE 
  EXT PARAMETER                                INTERNAL      INTERNAL  
  NO.   NAME      VALUE            ERROR       STEP SIZE       VALUE   
   1  acmsF        5.00000e+01   1.01642e-01   1.80709e-03  -1.57037e+00
                                 WARNING -   - ABOVE PARAMETER IS AT LIMIT.
   2  betaF        6.00000e-02   8.43862e-04   3.68888e-03   1.57220e+00
   3  gammaF       2.90936e-02   3.96796e-04   6.95433e-06  -1.25831e+00
   4  meanF       -3.24472e+00   9.70364e-02   6.05059e-05  -7.06196e-01
   5  nBkgF        4.04563e+04   3.76775e+02   2.28692e-05   6.46470e+00
   6  nSigF        1.67807e+04   2.73134e+02   9.50681e-05  -5.35587e-01
   7  sosF         1.27479e+00   3.29024e-01   4.40397e-04  -7.15044e-01
                               ERR DEF= 0.5
 EXTERNAL ERROR MATRIX.    NDIM=  26    NPAR=  7    ERR DEF=0.5
  4.691e-07  2.930e-15  5.536e-10  3.316e-08 -1.841e-04 -1.715e-04 -1.082e-07 
  2.930e-15  8.414e-11  1.733e-11  8.091e-10  6.484e-06 -5.105e-06 -3.134e-09 
  5.536e-10  1.733e-11  1.574e-07  4.843e-06  1.940e-02  3.893e-03  1.660e-05 
  3.316e-08  8.091e-10  4.843e-06  9.418e-03  7.780e+00 -5.572e+00 -1.653e-02 
 -1.841e-04  6.484e-06  1.940e-02  7.780e+00  1.420e+05 -6.884e+04 -3.787e+01 
 -1.715e-04 -5.105e-06  3.893e-03 -5.572e+00 -6.884e+04  7.460e+04  3.067e+01 
 -1.082e-07 -3.134e-09  1.660e-05 -1.653e-02 -3.787e+01  3.067e+01  1.096e-01 
 PARAMETER  CORRELATION COEFFICIENTS  
       NO.  GLOBAL      1      2      3      4      5      6      7
        1  0.00330   1.000  0.000  0.002  0.000 -0.001 -0.001 -0.000
        2  0.00541   0.000  1.000  0.005  0.001  0.002 -0.002 -0.001
        3  0.33100   0.002  0.005  1.000  0.126  0.130  0.036  0.126
        4  0.55029   0.000  0.001  0.126  1.000  0.213 -0.210 -0.514
        5  0.69375  -0.001  0.002  0.130  0.213  1.000 -0.669 -0.304
        6  0.69166  -0.001 -0.002  0.036 -0.210 -0.669  1.000  0.339
        7  0.60083  -0.000 -0.001  0.126 -0.514 -0.304  0.339  1.000
alphaF[1.200]
meanF[-5.000]
nF[0.050]
nSigF[1009.633]
sigmaF[18.000]
sigmaF_2[3.406]
alphaP[1.200]
meanP[-4.168]
nP[0.358]
nSigP[1444.080]
sigmaP[6.000]
sigmaP_2[3.749]

RooWorkspace(w) w contents

variables
---------
(acmsF,acmsP,alphaF,alphaP,betaF,betaP,eff,gammaF,gammaP,meanF,meanP,nBkgF,nBkgP,nF,nP,nSigF,nSigP,peakF,peakP,sigmaF,sigmaF_2,sigmaP,sigmaP_2,sosF,sosP,x)

p.d.f.s
-------
RooCMSShape::bkgFail[ x=x alpha=acmsF beta=betaF gamma=gammaF peak=peakF ] = 1.91031
RooCMSShape::bkgPass[ x=x alpha=acmsP beta=betaP gamma=gammaP peak=peakP ] = 1.91031
RooAddPdf::pdfFail[ nSigF * sigFail + nBkgF * bkgFail ] = 4.4284
RooAddPdf::pdfPass[ nSigP * sigPass + nBkgP * bkgPass ] = 6.76891
RooFFTConvPdf::sigFail[ sigPhysFail(x) (*) sigResFail(x) ] = 0.0288269
RooFFTConvPdf::sigPass[ sigPhysPass(x) (*) sigResPass(x) ] = 0.0440388
