===> settings etc/config/settings_pho.py <===
import etc.config.settings_pho as tnpConf
[?1034h
[1mRooFit v3.60 -- Developed by Wouter Verkerke and David Kirkby[0m 
                Copyright (C) 2000-2013 NIKHEF, University of California & Stanford University
                All rights reserved, please read http://roofit.sourceforge.net/license.txt

===>  Output directory: 
results/Moriond17/tnpPhoID_Winter17MC//passingMVA80Xwp90/
**** name: data_Run2016H                                                                                        
  path    :  ['eos/cms/store/group/phys_egamma/tnp/80X/PhoEleIDs/Moriond17_v1/data/TnPTree_SingleElectron_2016prompt_RunH.root', 'eos/cms/store/group/phys_egamma/tnp/80X/PhoEleIDs/Moriond17_v1/data/TnPTree_SingleElectron_2016rereco_RunG.root', 'eos/cms/store/group/phys_egamma/tnp/80X/PhoEleIDs/Moriond17_v1/data/TnPTree_SingleElectron_2016rereco_RunF.root', 'eos/cms/store/group/phys_egamma/tnp/80X/PhoEleIDs/Moriond17_v1/data/TnPTree_SingleElectron_2016rereco_RunE.root', 'eos/cms/store/group/phys_egamma/tnp/80X/PhoEleIDs/Moriond17_v1/data/TnPTree_SingleElectron_2016rereco_RunD.root', 'eos/cms/store/group/phys_egamma/tnp/80X/PhoEleIDs/Moriond17_v1/data/TnPTree_SingleElectron_2016rereco_RunC.root', 'eos/cms/store/group/phys_egamma/tnp/80X/PhoEleIDs/Moriond17_v1/data/TnPTree_SingleElectron_2016rereco_RunB.root']
  tnpTree :  GsfElectronToPhoID
   --- Data sample --- 
  lumi     :  36.212
alphaF[1.758]
meanF[-2.041]
nF[0.234]
nSigF[1446.247]
sigmaF[2.843]
sigmaF_2[3.219]
alphaP[2.212]
meanP[-0.803]
nP[0.329]
nSigP[5878.602]
sigmaP[3.553]
sigmaP_2[1.364]

RooWorkspace(w) w contents

variables
---------
(acmsF,acmsP,alphaF,alphaP,betaF,betaP,eff,gammaF,gammaP,meanF,meanP,nBkgF,nBkgP,nF,nP,nSigF,nSigP,peakF,peakP,sigmaF,sigmaF_2,sigmaP,sigmaP_2,sosF,sosP,x)

p.d.f.s
-------
RooCMSShape::bkgFail[ x=x alpha=acmsF beta=betaF gamma=gammaF peak=peakF ] = 1.91031
RooCMSShape::bkgPass[ x=x alpha=acmsP beta=betaP gamma=gammaP peak=peakP ] = 1.91031
RooAddPdf::pdfFail[ nSigF * sigFail + nBkgF * bkgFail ] = 10.0238
RooAddPdf::pdfPass[ nSigP * sigPass + nBkgP * bkgPass ] = 14.0547
RooFFTConvPdf::sigFail[ sigPhysFail(x) (*) sigResFail(x) ] = 0.0652149
RooFFTConvPdf::sigPass[ sigPhysPass(x) (*) sigResPass(x) ] = 0.0908945
RooHistPdf::sigPhysFail[ pdfObs=(x) ] = 35600
RooHistPdf::sigPhysPass[ pdfObs=(x) ] = 35600
RooCBExGaussShape::sigResFail[ m=x  m0=meanF  sigma=sigResFail_3  alpha=alphaF  n=nF  sigma_2=sigResFail_6 ] = 1.56539e-155
RooCBExGaussShape::sigResPass[ m=x  m0=meanP  sigma=sigResPass_3  alpha=alphaP  n=nP  sigma_2=sigResPass_6 ] = 0

functions
--------
RooFormulaVar::sigResFail_3[ actualVars=(sigmaF,sosF) formula="sqrt(sigmaF*sigmaF+sosF*sosF)" ] = 3.01374
RooFormulaVar::sigResFail_6[ actualVars=(sigmaF_2,sosF) formula="sqrt(sigmaF_2*sigmaF_2+sosF*sosF)" ] = 3.37075
RooFormulaVar::sigResPass_3[ actualVars=(sigmaP,sosP) formula="sqrt(sigmaP*sigmaP+sosP*sosP)" ] = 3.69104
RooFormulaVar::sigResPass_6[ actualVars=(sigmaP_2,sosP) formula="sqrt(sigmaP_2*sigmaP_2+sosP*sosP)" ] = 1.6913

datasets
--------
RooDataHist::hPass(x)
RooDataHist::hFail(x)
RooDataHist::hGenZPass(x)
RooDataHist::hGenZFail(x)

embedded precalculated expensive components
-------------------------------------------
uid = 0 key=sigFail_sigPhysFail_CONV_sigResFail_CACHEHIST_Obs[x]_BufFrac0.1_BufStrat0 value=RooDataHist::sigFail_sigPhysFail_CONV_sigResFail_CACHEHIST_Obs[x]_BufFrac0.1_BufStrat0 parameters=( alphaF=1.758 meanF=-0 nF=0.234 sigmaF=2.843 sigmaF_2=3.219 sosF=1 )
uid = 1 key=sigPass_sigPhysPass_CONV_sigResPass_CACHEHIST_Obs[x]_BufFrac0.1_BufStrat0 value=RooDataHist::sigPass_sigPhysPass_CONV_sigResPass_CACHEHIST_Obs[x]_BufFrac0.1_BufStrat0 parameters=( alphaP=2.212 meanP=-0 nP=0.329 sigmaP=3.553 sigmaP_2=1.364 sosP=1 )
 title :  -  -2.500 < #eta_{SC} < -2.000 -  15.000 < probe_Pho_et < 20.000
 **********
 **   13 **MIGRAD        3500           1
 **********
 FIRST CALL TO USER FUNCTION AT NEW START POINT, WITH IFLAG=4.
 START MIGRAD MINIMIZATION.  STRATEGY  1.  CONVERGENCE WHEN EDM .LT. 1.00e-03
 FCN=-121335 FROM MIGRAD    STATUS=INITIATE       48 CALLS          49 TOTAL
                     EDM= unknown      STRATEGY= 1      NO ERROR MATRIX       
  EXT PARAMETER               CURRENT GUESS       STEP         FIRST   
  NO.   NAME      VALUE            ERROR          SIZE      DERIVATIVE 
   1  acmsP        7.49986e+01   2.50000e+00   1.75731e+00  -9.97887e-01
   2  betaP        4.00000e-02   5.00000e-03   0.00000e+00  -1.15804e+02
   3  gammaP       1.00000e-01   4.75000e-02   0.00000e+00   7.04319e+02
   4  meanP        0.00000e+00   1.00000e+00   0.00000e+00   5.74190e+03
   5  nBkgP        2.18130e+03   1.09040e+03   0.00000e+00  -7.92578e+02
   6  nSigP        1.96317e+04   3.27190e+03   0.00000e+00  -1.29214e+03
   7  sosP         1.00000e+00   2.50000e-01   0.00000e+00   3.41020e+02
                               ERR DEF= 0.5
 EIGENVALUES OF SECOND-DERIVATIVE MATRIX:
        -5.8265e-02  2.0975e-01  4.6412e-01  9.9843e-01  1.1113e+00  1.6707e+00  2.6040e+00
 MINUIT WARNING IN MIGRAD  
 ============== MATRIX FORCED POS-DEF BY ADDING 0.060869 TO DIAGONAL.
 MIGRAD FAILS TO FIND IMPROVEMENT
 MIGRAD MINIMIZATION HAS CONVERGED.
 MIGRAD WILL VERIFY CONVERGENCE AND ERROR MATRIX.
 MINUIT WARNING IN HESSE   
 ============== Negative diagonal element 1 in Error Matrix
 MINUIT WARNING IN HESSE   
 ============== 1.09183 added to diagonal of error matrix
 COVARIANCE MATRIX CALCULATED SUCCESSFULLY
 FCN=-122253 FROM HESSE     STATUS=OK             60 CALLS         416 TOTAL
                     EDM=0.000656517    STRATEGY= 1      ERROR MATRIX ACCURATE 
  EXT PARAMETER                                   STEP         FIRST   
  NO.   NAME      VALUE            ERROR          SIZE      DERIVATIVE 
   1  acmsP        7.49999e+01   1.64427e+01   1.94444e-01   1.92893e-03
   2  betaP        3.63583e-02   7.02041e-03   3.65195e-02   1.69279e-02
   3  gammaP       6.62126e-02   4.75295e-03   2.80838e-03   5.57024e-01
   4  meanP       -1.60026e+00   2.34729e-02   1.16758e-03   5.32665e+00
   5  nBkgP        2.76785e+03   1.50390e+02   3.22883e-03   5.81159e-01
   6  nSigP        2.07602e+04   1.94139e+02   2.36186e-03  -5.98038e-01
   7  sosP         1.66662e+00   3.66854e-02   4.33875e-03   1.21054e+00
                               ERR DEF= 0.5
 MIGRAD FAILS TO FIND IMPROVEMENT
 MIGRAD TERMINATED WITHOUT CONVERGENCE.
 FCN=-122253 FROM MIGRAD    STATUS=FAILED        442 CALLS         443 TOTAL
                     EDM=0.0190683    STRATEGY= 1  ERROR MATRIX UNCERTAINTY   0.1 per cent
  EXT PARAMETER                APPROXIMATE        STEP         FIRST   
  NO.   NAME      VALUE            ERROR          SIZE      DERIVATIVE 
   1  acmsP        7.49998e+01   1.64465e+01  -0.00000e+00   1.83469e-03
   2  betaP        3.62056e-02   7.12281e-03   0.00000e+00  -3.11764e-03
   3  gammaP       6.60915e-02   4.79165e-03   0.00000e+00  -2.59926e-01
   4  meanP       -1.60109e+00   2.01034e-02   0.00000e+00  -3.30405e+01
   5  nBkgP        2.76611e+03   1.51060e+02   0.00000e+00  -2.87554e-01
   6  nSigP        2.07645e+04   1.97468e+02  -0.00000e+00   2.90382e-01
   7  sosP         1.66582e+00   3.10722e-02   0.00000e+00  -8.80971e+00
                               ERR DEF= 0.5
 EXTERNAL ERROR MATRIX.    NDIM=  26    NPAR=  7    ERR DEF=0.5
  6.202e-03  8.673e-05 -8.769e-05  2.641e-05 -5.417e-01 -1.425e-01  1.854e-05 
  8.673e-05  5.217e-05  2.505e-05  2.226e-05 -3.385e-01 -5.061e-01 -2.980e-05 
 -8.769e-05  2.505e-05  2.296e-05  8.626e-06 -1.719e-01 -1.634e-01 -7.901e-06 
  2.641e-05  2.226e-05  8.626e-06  4.041e-04  2.767e-02 -3.503e-01 -4.956e-04 
 -5.417e-01 -3.385e-01 -1.719e-01  2.767e-02  2.282e+04 -1.047e+04 -7.741e-02 
 -1.425e-01 -5.061e-01 -1.634e-01 -3.503e-01 -1.047e+04  3.900e+04  5.367e-01 
  1.854e-05 -2.980e-05 -7.901e-06 -4.956e-04 -7.741e-02  5.367e-01  9.656e-04 
ERR MATRIX APPROXIMATE
 PARAMETER  CORRELATION COEFFICIENTS  
       NO.  GLOBAL      1      2      3      4      5      6      7
        1  0.53989   1.000  0.152 -0.232  0.017 -0.046 -0.009  0.008
        2  0.85609   0.152  1.000  0.724  0.153 -0.310 -0.355 -0.133
        3  0.81333  -0.232  0.724  1.000  0.090 -0.237 -0.173 -0.053
        4  0.79560   0.017  0.153  0.090  1.000  0.009 -0.088 -0.793
        5  0.58884  -0.046 -0.310 -0.237  0.009  1.000 -0.351 -0.016
        6  0.62270  -0.009 -0.355 -0.173 -0.088 -0.351  1.000  0.087
        7  0.79587   0.008 -0.133 -0.053 -0.793 -0.016  0.087  1.000
 ERR MATRIX APPROXIMATE
 **********
 **   18 **HESSE        3500
 **********
 MINUIT WARNING IN HESSE   
 ============== Negative diagonal element 1 in Error Matrix
 MINUIT WARNING IN HESSE   
 ============== 1.39661 added to diagonal of error matrix
 COVARIANCE MATRIX CALCULATED SUCCESSFULLY
 FCN=-122253 FROM HESSE     STATUS=OK             62 CALLS         505 TOTAL
                     EDM=9.00856e-05    STRATEGY= 1      ERROR MATRIX ACCURATE 
  EXT PARAMETER                                INTERNAL      INTERNAL  
  NO.   NAME      VALUE            ERROR       STEP SIZE       VALUE   
   1  acmsP        7.49998e+01   1.55089e+01   7.77774e-02   1.56549e+00
   2  betaP        3.62056e-02   6.89587e-03   3.65245e-02   4.82410e-02
   3  gammaP       6.60915e-02   4.61432e-03   1.12335e-03  -1.07001e+00
   4  meanP       -1.60109e+00   1.16670e-02   4.67034e-04  -3.25959e-01
   5  nBkgP        2.76611e+03   1.49918e+02   3.22366e-03  -9.80809e-01
   6  nSigP        2.07645e+04   1.93706e+02   2.36147e-03   2.72597e-01
   7  sosP         1.66582e+00   1.83683e-02   1.73550e-03  -5.02774e-01
                               ERR DEF= 0.5
 EXTERNAL ERROR MATRIX.    NDIM=  26    NPAR=  7    ERR DEF=0.5
  4.575e-03  2.404e-05 -2.356e-05  1.415e-06 -1.555e-01 -4.802e-02  6.581e-07 
  2.404e-05  4.881e-05  2.509e-05  4.695e-06 -3.432e-01 -4.530e-01 -4.895e-06 
 -2.356e-05  2.509e-05  2.129e-05  3.694e-06 -1.853e-01 -1.391e-01  2.027e-06 
  1.415e-06  4.695e-06  3.694e-06  1.361e-04 -1.182e-03 -5.473e-02 -1.713e-05 
 -1.555e-01 -3.432e-01 -1.853e-01 -1.182e-03  2.248e+04 -9.931e+03 -1.510e-02 
 -4.802e-02 -4.530e-01 -1.391e-01 -5.473e-02 -9.931e+03  3.752e+04  1.074e-01 
  6.581e-07 -4.895e-06  2.027e-06 -1.713e-05 -1.510e-02  1.074e-01  3.374e-04 
 PARAMETER  CORRELATION COEFFICIENTS  
       NO.  GLOBAL      1      2      3      4      5      6      7
        1  0.19856   1.000  0.051 -0.075  0.002 -0.015 -0.004  0.001
        2  0.84661   0.051  1.000  0.778  0.058 -0.328 -0.335 -0.038
        3  0.79854  -0.075  0.778  1.000  0.069 -0.268 -0.156  0.024
        4  0.10854   0.002  0.058  0.069  1.000 -0.001 -0.024 -0.080
        5  0.58496  -0.015 -0.328 -0.268 -0.001  1.000 -0.342 -0.005
        6  0.60584  -0.004 -0.335 -0.156 -0.024 -0.342  1.000  0.030
        7  0.12640   0.001 -0.038  0.024 -0.080 -0.005  0.030  1.000
 **********
 **   23 **HESSE        3500
 **********
 EIGENVALUES OF SECOND-DERIVATIVE MATRIX:
        -7.5656e-02  1.5866e-01  3.6030e-01  5.0624e-01  1.2369e+00  1.6141e+00  3.1995e+00
 MINUIT WARNING IN HESSE   
 ============== MATRIX FORCED POS-DEF BY ADDING 0.078855 TO DIAGONAL.
 FCN=-122253 FROM HESSE     STATUS=NOT POSDEF     68 CALLS         573 TOTAL
                     EDM=0.0134168    STRATEGY= 1      ERR MATRIX NOT POS-DEF
  EXT PARAMETER                APPROXIMATE     INTERNAL      INTERNAL  
  NO.   NAME      VALUE            ERROR       STEP SIZE       VALUE   
   1  acmsP        7.49998e+01   2.01264e+01   5.00000e-01   1.56549e+00
   2  betaP        3.62056e-02   7.93033e-03   1.46098e-03   4.82410e-02
   3  gammaP       6.60915e-02   3.22831e-02   2.24671e-04  -1.07001e+00
   4  meanP       -1.60109e+00   4.71253e-02   4.37202e-02  -3.25959e-01
   5  nBkgP        2.76611e+03   1.52165e+02   1.28946e-04  -9.80809e-01
   6  nSigP        2.07645e+04   2.89770e+02   9.44588e-05   2.72597e-01
   7  sosP         1.66582e+00   8.25599e-02   1.59920e-01  -5.02774e-01
                               ERR DEF= 0.5
 EXTERNAL ERROR MATRIX.    NDIM=  26    NPAR=  7    ERR DEF=0.5
  5.095e-01  3.565e-03 -2.293e-02 -1.555e-02 -4.443e+01  1.606e+02  3.953e-02 
  3.565e-03  6.513e-05 -1.415e-04 -4.443e-05 -5.433e-01  7.236e-01  1.900e-04 
 -2.293e-02 -1.415e-04  1.049e-03  7.281e-04  1.882e+00 -7.331e+00 -1.786e-03 
 -1.555e-02 -4.443e-05  7.281e-04  2.221e-03  1.535e+00 -5.882e+00 -2.705e-03 
 -4.443e+01 -5.433e-01  1.882e+00  1.535e+00  2.316e+04 -2.256e+04 -3.705e+00 
  1.606e+02  7.236e-01 -7.331e+00 -5.882e+00 -2.256e+04  8.398e+04  1.397e+01 
  3.953e-02  1.900e-04 -1.786e-03 -2.705e-03 -3.705e+00  1.397e+01  6.820e-03 
ERR MATRIX NOT POS-DEF
 PARAMETER  CORRELATION COEFFICIENTS  
       NO.  GLOBAL      1      2      3      4      5      6      7
        1  0.99731   1.000  0.619 -0.992 -0.462 -0.409  0.776  0.671
        2  0.89287   0.619  1.000 -0.541 -0.117 -0.442  0.309  0.285
        3  0.99658  -0.992 -0.541  1.000  0.477  0.382 -0.781 -0.668
        4  0.70889  -0.462 -0.117  0.477  1.000  0.214 -0.431 -0.695
        5  0.63874  -0.409 -0.442  0.382  0.214  1.000 -0.512 -0.295
        6  0.85896   0.776  0.309 -0.781 -0.431 -0.512  1.000  0.584
        7  0.81391   0.671  0.285 -0.668 -0.695 -0.295  0.584  1.000
 ERR MATRIX NOT POS-DEF
 **********
 **   13 **MIGRAD        3500           1
 **********
 FIRST CALL TO USER FUNCTION AT NEW START POINT, WITH IFLAG=4.
 START MIGRAD MINIMIZATION.  STRATEGY  1.  CONVERGENCE WHEN EDM .LT. 1.00e-03
 FCN=-185269 FROM MIGRAD    STATUS=INITIATE       82 CALLS          83 TOTAL
                     EDM= unknown      STRATEGY= 1      NO ERROR MATRIX       
  EXT PARAMETER               CURRENT GUESS       STEP         FIRST   
  NO.   NAME      VALUE            ERROR          SIZE      DERIVATIVE 
   1  acmsF        7.49996e+01   2.50000e+00   0.00000e+00  -1.53192e-01
   2  betaF        4.00000e-02   5.00000e-03   0.00000e+00   1.34026e+02
   3  gammaF       7.55331e-03   4.75000e-02  -5.26913e-01   2.70391e+02
   4  meanF        0.00000e+00   1.00000e+00   0.00000e+00   2.26424e+03
   5  nBkgF        3.54640e+03   1.77295e+03   0.00000e+00  -9.01122e+03
   6  nSigF        3.19176e+04   5.31955e+03   0.00000e+00  -8.18382e+02
   7  sosF         1.00000e+00   2.50000e-01   0.00000e+00   5.71690e+01
                               ERR DEF= 0.5
 MIGRAD FAILS TO FIND IMPROVEMENT
 MINUIT WARNING IN HESSE   
 ============== Negative diagonal element 1 in Error Matrix
 MINUIT WARNING IN HESSE   
 ============== 1.17649 added to diagonal of error matrix
 COVARIANCE MATRIX CALCULATED SUCCESSFULLY
 FCN=-194492 FROM HESSE     STATUS=OK             58 CALLS         457 TOTAL
                     EDM=5.41225    STRATEGY= 1      ERROR MATRIX ACCURATE 
  EXT PARAMETER                                   STEP         FIRST   
  NO.   NAME      VALUE            ERROR          SIZE      DERIVATIVE 
   1  acmsF        7.49985e+01   1.86511e+01   3.52976e-01  -1.08142e-02
   2  betaF        1.00351e-02   9.29096e-04   6.26205e-02   1.25529e+00
   3  gammaF       3.25424e-02   7.50952e-04   6.90662e-04  -4.74401e+01
   4  meanF       -2.18194e+00   7.86258e-02   2.52909e-03  -3.17520e+00
   5  nBkgF        3.79870e+04   3.33485e+02   3.24443e-03   4.93219e+00
   6  nSigF        8.98412e+03   2.09975e+02   2.47081e-03   5.45300e+00
   7  sosF         9.25448e-01   2.28870e-01   2.51212e-02   1.90339e+01
                               ERR DEF= 0.5
 MIGRAD FAILS TO FIND IMPROVEMENT
 MIGRAD TERMINATED WITHOUT CONVERGENCE.
 FCN=-194492 FROM MIGRAD    STATUS=FAILED        467 CALLS         468 TOTAL
                     EDM=5.41225    STRATEGY= 1      ERR MATRIX APPROXIMATE
  EXT PARAMETER                APPROXIMATE        STEP         FIRST   
  NO.   NAME      VALUE            ERROR          SIZE      DERIVATIVE 
   1  acmsF        7.49985e+01   1.86511e+01  -0.00000e+00  -1.08142e-02
   2  betaF        1.00351e-02   9.29096e-04  -0.00000e+00   1.25529e+00
   3  gammaF       3.25424e-02   7.50952e-04  -0.00000e+00  -4.74401e+01
   4  meanF       -2.18194e+00   7.86258e-02  -0.00000e+00  -3.17520e+00
   5  nBkgF        3.79870e+04   3.33485e+02  -0.00000e+00   4.93219e+00
   6  nSigF        8.98412e+03   2.09975e+02   0.00000e+00   5.45300e+00
   7  sosF         9.25448e-01   2.28870e-01  -0.00000e+00   1.90339e+01
                               ERR DEF= 0.5
 EXTERNAL ERROR MATRIX.    NDIM=  26    NPAR=  7    ERR DEF=0.5
  9.536e-02  4.179e-06 -1.321e-04 -1.722e-04  7.546e-01  1.517e+00 -5.226e-04 
  4.179e-06  1.313e-07  1.689e-07  1.354e-06 -8.102e-03 -1.112e-02  4.077e-06 
 -1.321e-04  1.689e-07  5.639e-07  2.684e-06  1.342e-02 -1.588e-02  6.972e-06 
 -1.722e-04  1.354e-06  2.684e-06  6.183e-03  3.484e+00 -2.743e+00  1.720e-02 
  7.546e-01 -8.102e-03  1.342e-02  3.484e+00  1.112e+05 -4.124e+04  1.033e+01 
  1.517e+00 -1.112e-02 -1.588e-02 -2.743e+00 -4.124e+04  4.409e+04 -8.227e+00 
 -5.226e-04  4.077e-06  6.972e-06  1.720e-02  1.033e+01 -8.227e+00  5.292e-02 
ERR MATRIX APPROXIMATE
 PARAMETER  CORRELATION COEFFICIENTS  
       NO.  GLOBAL      1      2      3      4      5      6      7
        1  0.77119   1.000  0.037 -0.570 -0.007  0.007  0.023 -0.007
        2  0.80965   0.037  1.000  0.621  0.048 -0.067 -0.146  0.049
        3  0.86916  -0.570  0.621  1.000  0.045  0.054 -0.101  0.040
        4  0.95083  -0.007  0.048  0.045  1.000  0.133 -0.166  0.951
        5  0.64439   0.007 -0.067  0.054  0.133  1.000 -0.589  0.135
        6  0.63811   0.023 -0.146 -0.101 -0.166 -0.589  1.000 -0.170
        7  0.95089  -0.007  0.049  0.040  0.951  0.135 -0.170  1.000
 ERR MATRIX APPROXIMATE
 **********
 **   18 **HESSE        3500
 **********
 EIGENVALUES OF SECOND-DERIVATIVE MATRIX:
        -2.7283e+00  1.3969e-01  3.6877e-01  9.0346e-01  1.0656e+00  1.4254e+00  5.8254e+00
 MINUIT WARNING IN HESSE   
 ============== MATRIX FORCED POS-DEF BY ADDING 2.734163 TO DIAGONAL.
 FCN=-194492 FROM HESSE     STATUS=NOT POSDEF     74 CALLS         542 TOTAL
                     EDM=1.6888    STRATEGY= 1      ERR MATRIX NOT POS-DEF
  EXT PARAMETER                APPROXIMATE     INTERNAL      INTERNAL  
  NO.   NAME      VALUE            ERROR       STEP SIZE       VALUE   
   1  acmsF        7.49985e+01   1.91518e+01   5.00000e-01   1.58652e+00
   2  betaF        1.00351e-02   3.78069e-03   5.00000e-01  -1.51782e+00
   3  gammaF       3.25424e-02   9.01265e-04   1.38132e-04  -1.23649e+00
   4  meanF       -2.18194e+00   6.86170e-02   2.36194e-01  -4.51580e-01
   5  nBkgF        3.79870e+04   1.42505e+02   6.48886e-04   4.42483e-01
   6  nSigF        8.98412e+03   8.51458e+01   4.94161e-04  -7.23806e-01
   7  sosF         9.25448e-01   1.62838e-01   5.00000e-01  -2.19588e+00
                               ERR DEF= 0.5
 EXTERNAL ERROR MATRIX.    NDIM=  26    NPAR=  7    ERR DEF=0.5
  1.147e+01  2.495e-03 -2.976e-03  1.294e-01  1.577e+02  4.678e+00 -1.218e-01 
  2.495e-03  5.447e-07 -6.446e-07  2.806e-05  3.370e-02  7.208e-04 -2.632e-05 
 -2.976e-03 -6.446e-07  8.123e-07 -3.316e-05 -3.998e-02 -1.004e-03  3.114e-05 
  1.294e-01  2.806e-05 -3.316e-05  4.709e-03  1.888e+00 -3.168e-02 -1.124e-03 
  1.577e+02  3.370e-02 -3.998e-02  1.888e+00  2.031e+04 -1.704e+03 -1.514e+00 
  4.678e+00  7.208e-04 -1.004e-03 -3.168e-02 -1.704e+03  7.250e+03 -2.224e-01 
 -1.218e-01 -2.632e-05  3.114e-05 -1.124e-03 -1.514e+00 -2.224e-01  2.665e-02 
ERR MATRIX NOT POS-DEF
 PARAMETER  CORRELATION COEFFICIENTS  
       NO.  GLOBAL      1      2      3      4      5      6      7
        1  0.99855   1.000  0.998 -0.975  0.557  0.327  0.016 -0.220
        2  0.99819   0.998  1.000 -0.969  0.554  0.320  0.011 -0.218
        3  0.97700  -0.975 -0.969  1.000 -0.536 -0.311 -0.013  0.212
        4  0.55923   0.557  0.554 -0.536  1.000  0.193 -0.005 -0.100
        5  0.37717   0.327  0.320 -0.311  0.193  1.000 -0.140 -0.065
        6  0.18556   0.016  0.011 -0.013 -0.005 -0.140  1.000 -0.016
        7  0.22427  -0.220 -0.218  0.212 -0.100 -0.065 -0.016  1.000
 ERR MATRIX NOT POS-DEF
 **********
 **   23 **HESSE        3500
 **********
 EIGENVALUES OF SECOND-DERIVATIVE MATRIX:
        -2.7283e+00  1.3989e-01  3.6865e-01  9.0306e-01  1.0658e+00  1.4257e+00  5.8253e+00
 MINUIT WARNING IN HESSE   
 ============== MATRIX FORCED POS-DEF BY ADDING 2.734143 TO DIAGONAL.
 FCN=-194492 FROM HESSE     STATUS=NOT POSDEF     72 CALLS         614 TOTAL
                     EDM=1.6888    STRATEGY= 1      ERR MATRIX NOT POS-DEF
  EXT PARAMETER                APPROXIMATE     INTERNAL      INTERNAL  
  NO.   NAME      VALUE            ERROR       STEP SIZE       VALUE   
   1  acmsF        7.49985e+01   1.91510e+01   5.00000e-01   1.58652e+00
   2  betaF        1.00351e-02   3.78091e-03   5.00000e-01  -1.51782e+00
   3  gammaF       3.25424e-02   9.01189e-04   2.76265e-05  -1.23649e+00
   4  meanF       -2.18194e+00   6.85890e-02   2.33814e-01  -4.51580e-01
   5  nBkgF        3.79870e+04   1.42508e+02   1.29777e-04   4.42483e-01
   6  nSigF        8.98412e+03   8.51474e+01   9.88323e-05  -7.23806e-01
   7  sosF         9.25448e-01   1.62839e-01   5.00000e-01  -2.19588e+00
                               ERR DEF= 0.5
 EXTERNAL ERROR MATRIX.    NDIM=  26    NPAR=  7    ERR DEF=0.5
  1.147e+01  2.495e-03 -2.976e-03  1.293e-01  1.577e+02  4.782e+00 -1.218e-01 
  2.495e-03  5.448e-07 -6.445e-07  2.804e-05  3.371e-02  7.434e-04 -2.632e-05 
 -2.976e-03 -6.445e-07  8.121e-07 -3.313e-05 -3.998e-02 -1.032e-03  3.114e-05 
  1.293e-01  2.804e-05 -3.313e-05  4.705e-03  1.887e+00 -2.964e-02 -1.123e-03 
  1.577e+02  3.371e-02 -3.998e-02  1.887e+00  2.031e+04 -1.703e+03 -1.514e+00 
  4.782e+00  7.434e-04 -1.032e-03 -2.964e-02 -1.703e+03  7.250e+03 -2.235e-01 
 -1.218e-01 -2.632e-05  3.114e-05 -1.123e-03 -1.514e+00 -2.235e-01  2.665e-02 
ERR MATRIX NOT POS-DEF
 PARAMETER  CORRELATION COEFFICIENTS  
       NO.  GLOBAL      1      2      3      4      5      6      7
        1  0.99855   1.000  0.998 -0.975  0.557  0.327  0.017 -0.220
        2  0.99819   0.998  1.000 -0.969  0.554  0.320  0.012 -0.218
        3  0.97700  -0.975 -0.969  1.000 -0.536 -0.311 -0.013  0.212
        4  0.55909   0.557  0.554 -0.536  1.000  0.193 -0.005 -0.100
        5  0.37721   0.327  0.320 -0.311  0.193  1.000 -0.140 -0.065
        6  0.18564   0.017  0.012 -0.013 -0.005 -0.140  1.000 -0.016
        7  0.22427  -0.220 -0.218  0.212 -0.100 -0.065 -0.016  1.000
 ERR MATRIX NOT POS-DEF
alphaF[1.200]
meanF[-2.375]
nF[0.517]
nSigF[1486.720]
sigmaF[4.869]
sigmaF_2[3.509]
alphaP[1.905]
meanP[-1.995]
nP[0.592]
nSigP[6006.707]
sigmaP[4.123]
sigmaP_2[2.336]

RooWorkspace(w) w contents

variables
---------
(acmsF,acmsP,alphaF,alphaP,betaF,betaP,eff,gammaF,gammaP,meanF,meanP,nBkgF,nBkgP,nF,nP,nSigF,nSigP,peakF,peakP,sigmaF,sigmaF_2,sigmaP,sigmaP_2,sosF,sosP,x)

p.d.f.s
-------
RooCMSShape::bkgFail[ x=x alpha=acmsF beta=betaF gamma=gammaF peak=peakF ] = 1.91031
RooCMSShape::bkgPass[ x=x alpha=acmsP beta=betaP gamma=gammaP peak=peakP ] = 1.91031
RooAddPdf::pdfFail[ nSigF * sigFail + nBkgF * bkgFail ] = 7.78954
RooAddPdf::pdfPass[ nSigP * sigPass + nBkgP * bkgPass ] = 11.9945
RooFFTConvPdf::sigFail[ sigPhysFail(x) (*) sigResFail(x) ] = 0.050544
RooFFTConvPdf::sigPass[ sigPhysPass(x) (*) sigResPass(x) ] = 0.0772877
RooHistPdf::sigPhysFail[ pdfObs=(x) ] = 35600
RooHistPdf::sigPhysPass[ pdfObs=(x) ] = 35600
RooCBExGaussShape::sigResFail[ m=x  m0=meanF  sigma=sigResFail_3  alpha=alphaF  n=nF  sigma_2=sigResFail_6 ] = 7.62736e-133
RooCBExGaussShape::sigResPass[ m=x  m0=meanP  sigma=sigResPass_3  alpha=alphaP  n=nP  sigma_2=sigResPass_6 ] = 3.93284e-273

functions
--------
RooFormulaVar::sigResFail_3[ actualVars=(sigmaF,sosF) formula="sqrt(sigmaF*sigmaF+sosF*sosF)" ] = 4.97063
RooFormulaVar::sigResFail_6[ actualVars=(sigmaF_2,sosF) formula="sqrt(sigmaF_2*sigmaF_2+sosF*sosF)" ] = 3.64871
RooFormulaVar::sigResPass_3[ actualVars=(sigmaP,sosP) formula="sqrt(sigmaP*sigmaP+sosP*sosP)" ] = 4.24254
RooFormulaVar::sigResPass_6[ actualVars=(sigmaP_2,sosP) formula="sqrt(sigmaP_2*sigmaP_2+sosP*sosP)" ] = 2.54104

datasets
--------
RooDataHist::hPass(x)
RooDataHist::hFail(x)
RooDataHist::hGenZPass(x)
RooDataHist::hGenZFail(x)

embedded precalculated expensive components
-------------------------------------------
uid = 0 key=sigFail_sigPhysFail_CONV_sigResFail_CACHEHIST_Obs[x]_BufFrac0.1_BufStrat0 value=RooDataHist::sigFail_sigPhysFail_CONV_sigResFail_CACHEHIST_Obs[x]_BufFrac0.1_BufStrat0 parameters=( alphaF=1.2 meanF=-0 nF=0.517 sigmaF=4.869 sigmaF_2=3.509 sosF=1 )
uid = 1 key=sigPass_sigPhysPass_CONV_sigResPass_CACHEHIST_Obs[x]_BufFrac0.1_BufStrat0 value=RooDataHist::sigPass_sigPhysPass_CONV_sigResPass_CACHEHIST_Obs[x]_BufFrac0.1_BufStrat0 parameters=( alphaP=1.905 meanP=-0 nP=0.592 sigmaP=4.123 sigmaP_2=2.336 sosP=1 )
 title :  -  -2.000 < #eta_{SC} < -1.566 -  15.000 < probe_Pho_et < 20.000
 **********
 **   13 **MIGRAD        3500           1
 **********
 FIRST CALL TO USER FUNCTION AT NEW START POINT, WITH IFLAG=4.
 START MIGRAD MINIMIZATION.  STRATEGY  1.  CONVERGENCE WHEN EDM .LT. 1.00e-03
 FCN=-124951 FROM MIGRAD    STATUS=INITIATE       48 CALLS          49 TOTAL
                     EDM= unknown      STRATEGY= 1      NO ERROR MATRIX       
  EXT PARAMETER               CURRENT GUESS       STEP         FIRST   
  NO.   NAME      VALUE            ERROR          SIZE      DERIVATIVE 
   1  acmsP        7.49996e+01   2.50000e+00   1.76441e+00  -5.85091e-01
   2  betaP        4.00000e-02   5.00000e-03   0.00000e+00  -1.56215e+02
   3  gammaP       1.00000e-01   4.75000e-02   0.00000e+00   6.67869e+02
   4  meanP        0.00000e+00   1.00000e+00   0.00000e+00   7.71977e+03
   5  nBkgP        2.27010e+03   1.13480e+03   0.00000e+00  -1.24667e+03
   6  nSigP        2.04309e+04   3.40510e+03   0.00000e+00  -1.18953e+03
   7  sosP         1.00000e+00   2.50000e-01   0.00000e+00   2.27818e+02
                               ERR DEF= 0.5
 MIGRAD MINIMIZATION HAS CONVERGED.
 MIGRAD WILL VERIFY CONVERGENCE AND ERROR MATRIX.
 COVARIANCE MATRIX CALCULATED SUCCESSFULLY
 FCN=-127062 FROM MIGRAD    STATUS=CONVERGED     327 CALLS         328 TOTAL
                     EDM=4.47916e-05    STRATEGY= 1      ERROR MATRIX ACCURATE 
  EXT PARAMETER                                   STEP         FIRST   
  NO.   NAME      VALUE            ERROR          SIZE      DERIVATIVE 
   1  acmsP        7.50000e+01   1.25042e+01   5.00000e-01  -2.91959e-05
   2  betaP        2.04409e-02   1.07186e-02   5.11113e-02  -4.85205e-03
   3  gammaP       6.94530e-02   1.36151e-02   3.74747e-03  -1.14516e-02
   4  meanP       -2.71904e+00   5.25894e-02   2.30071e-03  -2.28004e-01
   5  nBkgP        2.72750e+03   1.80155e+02   3.69704e-03   1.51249e-01
   6  nSigP        2.20829e+04   2.14707e+02   2.38324e-03   5.50427e-01
   7  sosP         1.79219e+00   9.67242e-02   8.36275e-03  -3.06125e-02
                               ERR DEF= 0.5
 EXTERNAL ERROR MATRIX.    NDIM=  26    NPAR=  7    ERR DEF=0.5
  1.494e-02  6.364e-04 -1.387e-03 -1.241e-03  5.397e+00  8.164e+00  2.729e-03 
  6.364e-04  1.275e-04 -1.224e-04 -1.806e-04  9.025e-01  1.093e+00  3.587e-04 
 -1.387e-03 -1.224e-04  1.856e-04  1.854e-04 -9.564e-01 -9.780e-01 -3.117e-04 
 -1.241e-03 -1.806e-04  1.854e-04  2.766e-03  1.361e-01 -2.662e+00 -3.297e-03 
  5.397e+00  9.025e-01 -9.564e-01  1.361e-01  3.246e+04 -6.599e+03 -5.087e-02 
  8.164e+00  1.093e+00 -9.780e-01 -2.662e+00 -6.599e+03  4.610e+04  6.097e+00 
  2.729e-03  3.587e-04 -3.117e-04 -3.297e-03 -5.087e-02  6.097e+00  9.363e-03 
 PARAMETER  CORRELATION COEFFICIENTS  
       NO.  GLOBAL      1      2      3      4      5      6      7
        1  0.91867   1.000  0.461 -0.833 -0.193  0.245  0.311  0.231
        2  0.92721   0.461  1.000 -0.796 -0.304  0.444  0.451  0.328
        3  0.96180  -0.833 -0.796  1.000  0.259 -0.390 -0.334 -0.237
        4  0.66623  -0.193 -0.304  0.259  1.000  0.014 -0.236 -0.648
        5  0.63730   0.245  0.444 -0.390  0.014  1.000 -0.171 -0.003
        6  0.68013   0.311  0.451 -0.334 -0.236 -0.171  1.000  0.293
        7  0.69928   0.231  0.328 -0.237 -0.648 -0.003  0.293  1.000
 **********
 **   18 **HESSE        3500
 **********
 COVARIANCE MATRIX CALCULATED SUCCESSFULLY
 FCN=-127062 FROM HESSE     STATUS=OK             54 CALLS         382 TOTAL
                     EDM=4.95986e-05    STRATEGY= 1      ERROR MATRIX ACCURATE 
  EXT PARAMETER                                INTERNAL      INTERNAL  
  NO.   NAME      VALUE            ERROR       STEP SIZE       VALUE   
   1  acmsP        7.50000e+01   1.41934e+01   5.00000e-01   1.56923e+00
   2  betaP        2.04409e-02   1.35851e-02   2.04445e-03   3.76323e+00
   3  gammaP       6.94530e-02   1.69974e-02   1.49899e-04  -1.05611e+00
   4  meanP       -2.71904e+00   5.44864e-02   9.20283e-05  -5.74968e-01
   5  nBkgP        2.72750e+03   1.91771e+02   1.47882e-04  -9.96968e-01
   6  nSigP        2.20829e+04   2.27049e+02   4.76648e-04   3.01567e-01
   7  sosP         1.79219e+00   9.91765e-02   3.34510e-04  -4.39729e-01
                               ERR DEF= 0.5
 EXTERNAL ERROR MATRIX.    NDIM=  26    NPAR=  7    ERR DEF=0.5
  1.896e-02  9.051e-04 -1.906e-03 -1.763e-03  7.106e+00  1.071e+01  3.418e-03 
  9.051e-04  2.214e-04 -2.111e-04 -3.178e-04  1.542e+00  1.811e+00  5.773e-04 
 -1.906e-03 -2.111e-04  2.894e-04  3.251e-04 -1.552e+00 -1.707e+00 -5.294e-04 
 -1.763e-03 -3.178e-04  3.251e-04  2.969e-03 -8.088e-01 -3.718e+00 -3.617e-03 
  7.106e+00  1.542e+00 -1.552e+00 -8.088e-01  3.678e+04 -1.702e+03  1.455e+00 
  1.071e+01  1.811e+00 -1.707e+00 -3.718e+00 -1.702e+03  5.155e+04  7.715e+00 
  3.418e-03  5.773e-04 -5.294e-04 -3.617e-03  1.455e+00  7.715e+00  9.844e-03 
 PARAMETER  CORRELATION COEFFICIENTS  
       NO.  GLOBAL      1      2      3      4      5      6      7
        1  0.93651   1.000  0.442 -0.814 -0.235  0.269  0.343  0.250
        2  0.95878   0.442  1.000 -0.834 -0.392  0.540  0.536  0.391
        3  0.97568  -0.814 -0.834  1.000  0.351 -0.476 -0.442 -0.314
        4  0.69420  -0.235 -0.392  0.351  1.000 -0.077 -0.301 -0.669
        5  0.68987   0.269  0.540 -0.476 -0.077  1.000 -0.039  0.076
        6  0.72071   0.343  0.536 -0.442 -0.301 -0.039  1.000  0.342
        7  0.71693   0.250  0.391 -0.314 -0.669  0.076  0.342  1.000
 **********
 **   23 **HESSE        3500
 **********
 COVARIANCE MATRIX CALCULATED SUCCESSFULLY
 FCN=-127062 FROM HESSE     STATUS=OK             54 CALLS         436 TOTAL
                     EDM=4.98841e-05    STRATEGY= 1      ERROR MATRIX ACCURATE 
  EXT PARAMETER                                INTERNAL      INTERNAL  
  NO.   NAME      VALUE            ERROR       STEP SIZE       VALUE   
   1  acmsP        7.50000e+01   1.43232e+01   5.00000e-01   1.56923e+00
   2  betaP        2.04409e-02   1.37248e-02   4.08891e-04   3.76323e+00
   3  gammaP       6.94530e-02   1.71532e-02   2.99798e-05  -1.05611e+00
   4  meanP       -2.71904e+00   5.45964e-02   1.84057e-05  -5.74968e-01
   5  nBkgP        2.72750e+03   1.92429e+02   2.95764e-05  -9.96968e-01
   6  nSigP        2.20829e+04   2.27807e+02   9.53297e-05   3.01567e-01
   7  sosP         1.79219e+00   9.93241e-02   6.69020e-05  -4.39729e-01
                               ERR DEF= 0.5
 EXTERNAL ERROR MATRIX.    NDIM=  26    NPAR=  7    ERR DEF=0.5
  1.912e-02  9.173e-04 -1.928e-03 -1.786e-03  7.178e+00  1.083e+01  3.449e-03 
  9.173e-04  2.270e-04 -2.161e-04 -3.260e-04  1.580e+00  1.855e+00  5.903e-04 
 -1.928e-03 -2.161e-04  2.947e-04  3.328e-04 -1.585e+00 -1.748e+00 -5.413e-04 
 -1.786e-03 -3.260e-04  3.328e-04  2.981e-03 -8.632e-01 -3.782e+00 -3.635e-03 
  7.178e+00  1.580e+00 -1.585e+00 -8.632e-01  3.703e+04 -1.419e+03  1.541e+00 
  1.083e+01  1.855e+00 -1.748e+00 -3.782e+00 -1.419e+03  5.190e+04  7.816e+00 
  3.449e-03  5.903e-04 -5.413e-04 -3.635e-03  1.541e+00  7.816e+00  9.873e-03 
 PARAMETER  CORRELATION COEFFICIENTS  
       NO.  GLOBAL      1      2      3      4      5      6      7
        1  0.93706   1.000  0.440 -0.812 -0.237  0.270  0.344  0.251
        2  0.95982   0.440  1.000 -0.835 -0.396  0.545  0.540  0.394
        3  0.97613  -0.812 -0.835  1.000  0.355 -0.480 -0.447 -0.317
        4  0.69570  -0.237 -0.396  0.355  1.000 -0.082 -0.304 -0.670
        5  0.69246   0.270  0.545 -0.480 -0.082  1.000 -0.032  0.081
        6  0.72292   0.344  0.540 -0.447 -0.304 -0.032  1.000  0.345
        7  0.71793   0.251  0.394 -0.317 -0.670  0.081  0.345  1.000
 **********
 **   13 **MIGRAD        3500           1
 **********
 FIRST CALL TO USER FUNCTION AT NEW START POINT, WITH IFLAG=4.
 START MIGRAD MINIMIZATION.  STRATEGY  1.  CONVERGENCE WHEN EDM .LT. 1.00e-03
 FCN=-205971 FROM MIGRAD    STATUS=INITIATE      158 CALLS         159 TOTAL
                     EDM= unknown      STRATEGY= 1      NO ERROR MATRIX       
  EXT PARAMETER               CURRENT GUESS       STEP         FIRST   
  NO.   NAME      VALUE            ERROR          SIZE      DERIVATIVE 
   1  acmsF        5.00279e+01   2.50000e+00   0.00000e+00  -1.26042e+00
   2  betaF        5.99984e-02   5.00000e-03   1.35812e+00  -5.01997e-01
   3  gammaF       6.49258e-03   4.75000e-02   0.00000e+00  -2.56480e+01
   4  meanF        0.00000e+00   1.00000e+00   0.00000e+00   2.53532e+03
   5  nBkgF        3.82830e+03   1.91390e+03   0.00000e+00  -7.32852e+03
   6  nSigF        3.44547e+04   5.74240e+03   0.00000e+00  -1.47633e+03
   7  sosF         4.99996e+00   2.50000e-01   0.00000e+00   4.88761e+00
                               ERR DEF= 0.5
 MIGRAD MINIMIZATION HAS CONVERGED.
 MIGRAD WILL VERIFY CONVERGENCE AND ERROR MATRIX.
 COVARIANCE MATRIX CALCULATED SUCCESSFULLY
 FCN=-213536 FROM HESSE     STATUS=OK             60 CALLS         782 TOTAL
                     EDM=0.00198866    STRATEGY= 1      ERROR MATRIX ACCURATE 
  EXT PARAMETER                                   STEP         FIRST   
  NO.   NAME      VALUE            ERROR          SIZE      DERIVATIVE 
   1  acmsF        5.00000e+01   9.09998e-02   3.80548e-02** at limit **
   2  betaF        6.00000e-02   7.45662e-04   7.71485e-02   2.68187e-02
   3  gammaF       2.90156e-02   3.93486e-04   7.68800e-04   1.40519e+00
   4  meanF       -3.06872e+00   1.89454e-01   1.12545e-02   1.04682e-01
   5  nBkgF        3.98077e+04   3.84815e+02   3.08259e-03  -2.95634e-01
   6  nSigF        9.34148e+03   2.70924e+02   2.66234e-03   2.80847e-01
   7  sosF         1.17164e+00   6.84198e-01   9.62756e-02  -1.56261e-01
                               ERR DEF= 0.5
 MIGRAD FAILS TO FIND IMPROVEMENT
 MIGRAD MINIMIZATION HAS CONVERGED.
 MIGRAD WILL VERIFY CONVERGENCE AND ERROR MATRIX.
 COVARIANCE MATRIX CALCULATED SUCCESSFULLY
 FCN=-213536 FROM MIGRAD    STATUS=CONVERGED     889 CALLS         890 TOTAL
                     EDM=1.90503e-05    STRATEGY= 1      ERROR MATRIX ACCURATE 
  EXT PARAMETER                                   STEP         FIRST   
  NO.   NAME      VALUE            ERROR          SIZE      DERIVATIVE 
   1  acmsF        5.00000e+01   9.07392e-02   3.84266e-02** at limit **
   2  betaF        6.00000e-02   7.42368e-04   7.77961e-02** at limit **
   3  gammaF       2.90176e-02   3.93187e-04   7.68429e-04   5.90701e-01
   4  meanF       -3.07441e+00   1.86069e-01   1.12875e-02   9.55670e-02
   5  nBkgF        3.98022e+04   3.82576e+02   3.08085e-03  -6.41172e-02
   6  nSigF        9.34629e+03   2.68739e+02   2.66242e-03   1.62105e-01
   7  sosF         1.20691e+00   6.46674e-01   9.10251e-02  -1.14720e-02
                               ERR DEF= 0.5
 EXTERNAL ERROR MATRIX.    NDIM=  26    NPAR=  7    ERR DEF=0.5
  6.511e-09  5.291e-15  8.995e-10 -1.129e-07 -2.587e-04 -3.011e-04 -3.839e-07 
  5.291e-15  3.115e-13  1.199e-11 -1.206e-09  4.750e-06 -3.793e-06 -4.730e-09 
  8.995e-10  1.199e-11  1.546e-07 -6.990e-06  1.788e-02  4.301e-03  3.570e-05 
 -1.129e-07 -1.206e-09 -6.990e-06  3.465e-02 -1.980e+01  1.517e+01  7.864e-02 
 -2.587e-04  4.750e-06  1.788e-02 -1.980e+01  1.464e+05 -7.447e+04 -9.300e+01 
 -3.011e-04 -3.793e-06  4.301e-03  1.517e+01 -7.447e+04  7.222e+04  7.724e+01 
 -3.839e-07 -4.730e-09  3.570e-05  7.864e-02 -9.300e+01  7.724e+01  4.419e-01 
 PARAMETER  CORRELATION COEFFICIENTS  
       NO.  GLOBAL      1      2      3      4      5      6      7
        1  0.04769   1.000  0.000  0.028 -0.008 -0.008 -0.014 -0.007
        2  0.06323   0.000  1.000  0.055 -0.012  0.022 -0.025 -0.013
        3  0.35385   0.028  0.055  1.000 -0.096  0.119  0.041  0.137
        4  0.66225  -0.008 -0.012 -0.096  1.000 -0.278  0.303  0.635
        5  0.74385  -0.008  0.022  0.119 -0.278  1.000 -0.724 -0.366
        6  0.75292  -0.014 -0.025  0.041  0.303 -0.724  1.000  0.432
        7  0.71017  -0.007 -0.013  0.137  0.635 -0.366  0.432  1.000
 **********
 **   18 **HESSE        3500
 **********
 COVARIANCE MATRIX CALCULATED SUCCESSFULLY
 FCN=-213536 FROM HESSE     STATUS=OK             50 CALLS         940 TOTAL
                     EDM=1.94858e-05    STRATEGY= 1      ERROR MATRIX ACCURATE 
  EXT PARAMETER                                INTERNAL      INTERNAL  
  NO.   NAME      VALUE            ERROR       STEP SIZE       VALUE   
   1  acmsF        5.00000e+01   9.07937e-02   7.68533e-03  -1.57074e+00
                                 WARNING -   - ABOVE PARAMETER IS AT LIMIT.
   2  betaF        6.00000e-02   7.41424e-04   1.55592e-02   1.57089e+00
                                 WARNING -   - ABOVE PARAMETER IS AT LIMIT.
   3  gammaF       2.90176e-02   3.91401e-04   3.07372e-05  -1.25880e+00
   4  meanF       -3.07441e+00   1.76750e-01   4.51499e-04  -2.47936e+00
   5  nBkgF        3.98022e+04   3.77510e+02   1.23234e-04   3.96552e-01
   6  nSigF        9.34629e+03   2.63308e+02   1.06497e-04  -7.40286e-01
   7  sosF         1.20691e+00   6.11052e-01   3.64100e-03  -7.55724e-01
                               ERR DEF= 0.5
 EXTERNAL ERROR MATRIX.    NDIM=  26    NPAR=  7    ERR DEF=0.5
  6.515e-09  1.749e-16  1.833e-10 -1.981e-08 -5.568e-05 -5.816e-05 -6.490e-08 
  1.749e-16  3.111e-13  2.435e-12 -2.073e-10  9.216e-07 -7.353e-07 -8.027e-10 
  1.833e-10  2.435e-12  1.532e-07 -8.674e-06  1.993e-02  2.591e-03  2.846e-05 
 -1.981e-08 -2.073e-10 -8.674e-06  3.126e-02 -1.608e+01  1.204e+01  6.446e-02 
 -5.568e-05  9.216e-07  1.993e-02 -1.608e+01  1.425e+05 -7.118e+04 -7.706e+01 
 -5.816e-05 -7.353e-07  2.591e-03  1.204e+01 -7.118e+04  6.933e+04  6.374e+01 
 -6.490e-08 -8.027e-10  2.846e-05  6.446e-02 -7.706e+01  6.374e+01  3.921e-01 
 PARAMETER  CORRELATION COEFFICIENTS  
       NO.  GLOBAL      1      2      3      4      5      6      7
        1  0.00963   1.000  0.000  0.006 -0.001 -0.002 -0.003 -0.001
        2  0.01272   0.000  1.000  0.011 -0.002  0.004 -0.005 -0.002
        3  0.34235   0.006  0.011  1.000 -0.125  0.135  0.025  0.116
        4  0.61462  -0.001 -0.002 -0.125  1.000 -0.241  0.259  0.582
        5  0.73569  -0.002  0.004  0.135 -0.241  1.000 -0.716 -0.326
        6  0.74084  -0.003 -0.005  0.025  0.259 -0.716  1.000  0.387
        7  0.65906  -0.001 -0.002  0.116  0.582 -0.326  0.387  1.000
 **********
 **   23 **HESSE        3500
 **********
 COVARIANCE MATRIX CALCULATED SUCCESSFULLY
 FCN=-213536 FROM HESSE     STATUS=OK             50 CALLS         990 TOTAL
                     EDM=1.94988e-05    STRATEGY= 1      ERROR MATRIX ACCURATE 
  EXT PARAMETER                                INTERNAL      INTERNAL  
  NO.   NAME      VALUE            ERROR       STEP SIZE       VALUE   
   1  acmsF        5.00000e+01   9.07958e-02   1.53707e-03  -1.57074e+00
                                 WARNING -   - ABOVE PARAMETER IS AT LIMIT.
   2  betaF        6.00000e-02   7.41386e-04   3.11184e-03   1.57089e+00
                                 WARNING -   - ABOVE PARAMETER IS AT LIMIT.
   3  gammaF       2.90176e-02   3.91341e-04   6.14744e-06  -1.25880e+00
   4  meanF       -3.07441e+00   1.76462e-01   9.02998e-05  -2.47936e+00
   5  nBkgF        3.98022e+04   3.77363e+02   2.46468e-05   3.96552e-01
   6  nSigF        9.34629e+03   2.63143e+02   2.12994e-05  -7.40286e-01
