===> settings etc/config/settings_pho.py <===
import etc.config.settings_pho as tnpConf
[?1034h
[1mRooFit v3.60 -- Developed by Wouter Verkerke and David Kirkby[0m 
                Copyright (C) 2000-2013 NIKHEF, University of California & Stanford University
                All rights reserved, please read http://roofit.sourceforge.net/license.txt

===>  Output directory: 
results/Moriond17/tnpPhoID_Winter17MC//passingMVA80Xwp90/
**** name: DY_madgraph_Winter17                                                                                 
  path    :  ['eos/cms/store/group/phys_egamma/tnp/80X/PhoEleIDs/Moriond17_v1/mc/TnPTree_DYJetsToLL_M-50_TuneCUETP8M1_13TeV-madgraphMLM-pythia8_DYToLL_madgraph_Moriond17.root']
  tnpTree :  GsfElectronToPhoID
   --- MC sample --- 
  nEvts    :  48652793
  mcTruth  :  True
  puTree   :  eos/cms/store/group/phys_egamma/tnp/80X/pu/Winter17/DY_madgraph_Winter17_pho.pu.puTree.root
  weight   :  weights_2016_runGH.totWeight

RooWorkspace(w) w contents

variables
---------
(acmsF,acmsP,alphaF,alphaP,betaF,betaP,eff,gammaF,gammaP,meanF,meanP,nBkgF,nBkgP,nF,nP,nSigF,nSigP,peakF,peakP,sigmaF,sigmaF_2,sigmaP,sigmaP_2,sosF,sosP,x)

p.d.f.s
-------
RooCMSShape::bkgFail[ x=x alpha=acmsF beta=betaF gamma=gammaF peak=peakF ] = 1.91031
RooCMSShape::bkgPass[ x=x alpha=acmsP beta=betaP gamma=gammaP peak=peakP ] = 1.91031
RooAddPdf::pdfFail[ nSigF * sigFail + nBkgF * bkgFail ] = 17.3771
RooAddPdf::pdfPass[ nSigP * sigPass + nBkgP * bkgPass ] = 19.9371
RooFFTConvPdf::sigFail[ sigPhysFail(x) (*) sigResFail(x) ] = 0.111321
RooFFTConvPdf::sigPass[ sigPhysPass(x) (*) sigResPass(x) ] = 0.127775
RooHistPdf::sigPhysFail[ pdfObs=(x) ] = 35600
RooHistPdf::sigPhysPass[ pdfObs=(x) ] = 35600
RooCBExGaussShape::sigResFail[ m=x  m0=meanF  sigma=sigResFail_3  alpha=alphaF  n=nF  sigma_2=sigResFail_6 ] = 0
RooCBExGaussShape::sigResPass[ m=x  m0=meanP  sigma=sigResPass_3  alpha=alphaP  n=nP  sigma_2=sigResPass_6 ] = 0

functions
--------
RooFormulaVar::sigResFail_3[ actualVars=(sigmaF,sosF) formula="sqrt(sigmaF*sigmaF+sosF*sosF)" ] = 2.23607
RooFormulaVar::sigResFail_6[ actualVars=(sigmaF_2,sosF) formula="sqrt(sigmaF_2*sigmaF_2+sosF*sosF)" ] = 2.23607
RooFormulaVar::sigResPass_3[ actualVars=(sigmaP,sosP) formula="sqrt(sigmaP*sigmaP+sosP*sosP)" ] = 1.41421
RooFormulaVar::sigResPass_6[ actualVars=(sigmaP_2,sosP) formula="sqrt(sigmaP_2*sigmaP_2+sosP*sosP)" ] = 1.80278

datasets
--------
RooDataHist::hPass(x)
RooDataHist::hFail(x)
RooDataHist::hGenZPass(x)
RooDataHist::hGenZFail(x)

embedded precalculated expensive components
-------------------------------------------
uid = 0 key=sigFail_sigPhysFail_CONV_sigResFail_CACHEHIST_Obs[x]_BufFrac0.1_BufStrat0 value=RooDataHist::sigFail_sigPhysFail_CONV_sigResFail_CACHEHIST_Obs[x]_BufFrac0.1_BufStrat0 parameters=( alphaF=2 meanF=-0 nF=3 sigmaF=2 sigmaF_2=2 sosF=1 )
uid = 1 key=sigPass_sigPhysPass_CONV_sigResPass_CACHEHIST_Obs[x]_BufFrac0.1_BufStrat0 value=RooDataHist::sigPass_sigPhysPass_CONV_sigResPass_CACHEHIST_Obs[x]_BufFrac0.1_BufStrat0 parameters=( alphaP=2 meanP=-0 nP=3 sigmaP=1 sigmaP_2=1.5 sosP=1 )
 title :  -  -2.500 < #eta_{SC} < -2.000 -  15.000 < probe_Pho_et < 20.000
 **********
 **   13 **MIGRAD        3000           1
 **********
 FIRST CALL TO USER FUNCTION AT NEW START POINT, WITH IFLAG=4.
 START MIGRAD MINIMIZATION.  STRATEGY  1.  CONVERGENCE WHEN EDM .LT. 1.00e-03
 FCN=-24375.1 FROM MIGRAD    STATUS=INITIATE      115 CALLS         116 TOTAL
                     EDM= unknown      STRATEGY= 1      NO ERROR MATRIX       
  EXT PARAMETER               CURRENT GUESS       STEP         FIRST   
  NO.   NAME      VALUE            ERROR          SIZE      DERIVATIVE 
   1  alphaP       1.60903e+00   2.30000e-01   8.55089e-01  -1.31205e+01
   2  meanP        0.00000e+00   1.00000e+00   0.00000e+00   1.12949e+03
   3  nP           1.00024e+00   4.95000e-01   0.00000e+00  -6.03092e+01
   4  nSigP        5.22104e+03   8.70123e+02   0.00000e+00  -4.80534e+02
   5  sigmaP       3.39520e+00   1.50000e-01   0.00000e+00  -2.55203e+02
   6  sigmaP_2     1.50000e+00   5.00000e-01   0.00000e+00   3.43145e+02
                               ERR DEF= 0.5
 MIGRAD MINIMIZATION HAS CONVERGED.
 MIGRAD WILL VERIFY CONVERGENCE AND ERROR MATRIX.
 COVARIANCE MATRIX CALCULATED SUCCESSFULLY
 FCN=-24522.7 FROM MIGRAD    STATUS=CONVERGED     351 CALLS         352 TOTAL
                     EDM=4.26242e-06    STRATEGY= 1      ERROR MATRIX ACCURATE 
  EXT PARAMETER                                   STEP         FIRST   
  NO.   NAME      VALUE            ERROR          SIZE      DERIVATIVE 
   1  alphaP       2.21213e+00   1.17498e-01   2.68075e-03   4.25037e-03
   2  meanP       -8.03011e-01   2.75852e-01   1.27009e-03   8.00146e-02
   3  nP           3.28737e-01   1.21674e-01   2.83958e-03  -3.35762e-04
   4  nSigP        5.87860e+03   8.11793e+01   2.09071e-03   5.84137e-02
   5  sigmaP       3.55325e+00   2.25112e-01   3.68200e-03  -6.99082e-03
   6  sigmaP_2     1.36438e+00   2.49786e-01   3.84477e-03   3.90806e-02
                               ERR DEF= 0.5
 EXTERNAL ERROR MATRIX.    NDIM=  26    NPAR=  6    ERR DEF=0.5
  1.385e-02  7.853e-03 -1.381e-02  1.508e+00  1.009e-02 -6.276e-03 
  7.853e-03  7.617e-02 -4.871e-03  3.600e-01  5.429e-02 -6.524e-02 
 -1.381e-02 -4.871e-03  1.486e-02 -1.977e+00 -8.068e-03  3.284e-03 
  1.508e+00  3.600e-01 -1.977e+00  6.591e+03  5.664e-01 -2.613e-01 
  1.009e-02  5.429e-02 -8.068e-03  5.664e-01  5.080e-02 -4.229e-02 
 -6.276e-03 -6.524e-02  3.284e-03 -2.613e-01 -4.229e-02  6.272e-02 
 PARAMETER  CORRELATION COEFFICIENTS  
       NO.  GLOBAL      1      2      3      4      5      6
        1  0.97066   1.000  0.242 -0.963  0.158  0.380 -0.213
        2  0.97771   0.242  1.000 -0.145  0.016  0.873 -0.944
        3  0.96929  -0.963 -0.145  1.000 -0.200 -0.294  0.108
        4  0.24241   0.158  0.016 -0.200  1.000  0.031 -0.013
        5  0.91691   0.380  0.873 -0.294  0.031  1.000 -0.749
        6  0.95862  -0.213 -0.944  0.108 -0.013 -0.749  1.000
 **********
 **   18 **HESSE        3000
 **********
 COVARIANCE MATRIX CALCULATED SUCCESSFULLY
 FCN=-24522.7 FROM HESSE     STATUS=OK             40 CALLS         392 TOTAL
                     EDM=4.38411e-06    STRATEGY= 1      ERROR MATRIX ACCURATE 
  EXT PARAMETER                                INTERNAL      INTERNAL  
  NO.   NAME      VALUE            ERROR       STEP SIZE       VALUE   
   1  alphaP       2.21213e+00   1.40196e-01   1.07230e-04  -1.20179e-01
   2  meanP       -8.03011e-01   2.80157e-01   2.54018e-04  -1.61301e-01
   3  nP           3.28737e-01   1.44922e-01   1.13583e-04  -1.09163e+00
   4  nSigP        5.87860e+03   8.17567e+01   8.36282e-05   3.58743e-01
   5  sigmaP       3.55325e+00   2.33527e-01   1.47280e-04   7.67749e-02
   6  sigmaP_2     1.36438e+00   2.52364e-01   1.53791e-04  -7.55535e-01
                               ERR DEF= 0.5
 EXTERNAL ERROR MATRIX.    NDIM=  26    NPAR=  6    ERR DEF=0.5
  1.975e-02  1.133e-02 -1.989e-02  2.253e+00  1.466e-02 -8.907e-03 
  1.133e-02  7.857e-02 -8.439e-03  7.859e-01  5.736e-02 -6.702e-02 
 -1.989e-02 -8.439e-03  2.112e-02 -2.743e+00 -1.276e-02  5.984e-03 
  2.253e+00  7.859e-01 -2.743e+00  6.685e+03  1.134e+00 -5.819e-01 
  1.466e-02  5.736e-02 -1.276e-02  1.134e+00  5.468e-02 -4.461e-02 
 -8.907e-03 -6.702e-02  5.984e-03 -5.819e-01 -4.461e-02  6.403e-02 
 PARAMETER  CORRELATION COEFFICIENTS  
       NO.  GLOBAL      1      2      3      4      5      6
        1  0.97951   1.000  0.288 -0.974  0.196  0.446 -0.250
        2  0.97840   0.288  1.000 -0.207  0.034  0.875 -0.945
        3  0.97849  -0.974 -0.207  1.000 -0.231 -0.376  0.163
        4  0.26835   0.196  0.034 -0.231  1.000  0.059 -0.028
        5  0.92305   0.446  0.875 -0.376  0.059  1.000 -0.754
        6  0.95949  -0.250 -0.945  0.163 -0.028 -0.754  1.000
 **********
 **   23 **HESSE        3000
 **********
 COVARIANCE MATRIX CALCULATED SUCCESSFULLY
 FCN=-26430.9 FROM HESSE     STATUS=OK             52 CALLS         444 TOTAL
                     EDM=0.431226    STRATEGY= 1      ERROR MATRIX ACCURATE 
  EXT PARAMETER                                INTERNAL      INTERNAL  
  NO.   NAME      VALUE            ERROR       STEP SIZE       VALUE   
   1  alphaP       2.21213e+00   1.16503e-01   2.18749e-03  -1.20179e-01
   2  meanP       -8.03011e-01   3.04651e-01   5.18196e-03  -1.61301e-01
   3  nP           3.28737e-01   1.20147e-01   2.31710e-03  -1.09163e+00
   4  nSigP        5.87860e+03   7.82352e+01   1.70602e-03   3.58743e-01
   5  sigmaP       3.55325e+00   2.39748e-01   3.00451e-03   7.67749e-02
   6  sigmaP_2     1.36438e+00   2.78295e-01   3.07581e-05  -7.55535e-01
                               ERR DEF= 0.5
 EXTERNAL ERROR MATRIX.    NDIM=  26    NPAR=  6    ERR DEF=0.5
  1.362e-02  9.590e-03 -1.353e-02  1.489e+00  1.107e-02 -7.963e-03 
  9.590e-03  9.293e-02 -5.873e-03  4.500e-01  6.556e-02 -8.145e-02 
 -1.353e-02 -5.873e-03  1.449e-02 -1.925e+00 -8.568e-03  4.284e-03 
  1.489e+00  4.500e-01 -1.925e+00  6.121e+03  6.260e-01 -3.472e-01 
  1.107e-02  6.556e-02 -8.568e-03  6.260e-01  5.764e-02 -5.341e-02 
 -7.963e-03 -8.145e-02  4.284e-03 -3.472e-01 -5.341e-02  7.795e-02 
 PARAMETER  CORRELATION COEFFICIENTS  
       NO.  GLOBAL      1      2      3      4      5      6
        1  0.97238   1.000  0.270 -0.963  0.163  0.395 -0.244
        2  0.98302   0.270  1.000 -0.160  0.019  0.896 -0.957
        3  0.97081  -0.963 -0.160  1.000 -0.204 -0.297  0.127
        4  0.24617   0.163  0.019 -0.204  1.000  0.033 -0.016
        5  0.93217   0.395  0.896 -0.297  0.033  1.000 -0.797
        6  0.96847  -0.244 -0.957  0.127 -0.016 -0.797  1.000
 **********
 **   13 **MIGRAD        3000           1
 **********
 FIRST CALL TO USER FUNCTION AT NEW START POINT, WITH IFLAG=4.
 START MIGRAD MINIMIZATION.  STRATEGY  1.  CONVERGENCE WHEN EDM .LT. 1.00e-03
 FCN=-3524.08 FROM MIGRAD    STATUS=INITIATE       90 CALLS          91 TOTAL
                     EDM= unknown      STRATEGY= 1      NO ERROR MATRIX       
  EXT PARAMETER               CURRENT GUESS       STEP         FIRST   
  NO.   NAME      VALUE            ERROR          SIZE      DERIVATIVE 
   1  alphaF       1.20621e+00   2.30000e-01   9.58766e-02   1.03278e-02
   2  meanF        0.00000e+00   1.00000e+00   0.00000e+00   9.26307e+01
   3  nF           8.98599e-01   4.95000e-01   0.00000e+00   2.85796e+00
   4  nSigF        1.25672e+03   2.09403e+02   0.00000e+00  -1.19441e+02
   5  sigmaF       3.55325e+00   3.55325e-01   0.00000e+00  -1.85332e+01
   6  sigmaF_2     2.00000e+00   5.50000e-01   0.00000e+00   1.83740e+01
                               ERR DEF= 0.5
 MIGRAD MINIMIZATION HAS CONVERGED.
 MIGRAD WILL VERIFY CONVERGENCE AND ERROR MATRIX.
 COVARIANCE MATRIX CALCULATED SUCCESSFULLY
 FCN=-3548.03 FROM HESSE     STATUS=OK             40 CALLS         413 TOTAL
                     EDM=0.00148486    STRATEGY= 1      ERROR MATRIX ACCURATE 
  EXT PARAMETER                                   STEP         FIRST   
  NO.   NAME      VALUE            ERROR          SIZE      DERIVATIVE 
   1  alphaF       1.76345e+00   2.05177e-01   1.86471e-03  -1.14478e-01
   2  meanF       -2.04032e+00   3.08130e-01   1.42937e-03  -6.62044e-02
   3  nF           2.29798e-01   1.49582e-01   1.44227e-03  -3.18439e-01
   4  nSigF        1.44657e+03   4.21249e+01   1.69440e-03  -2.28743e-02
   5  sigmaF       2.84363e+00   5.19961e-01   2.08740e-02   8.61434e-02
   6  sigmaF_2     3.21726e+00   2.96072e-01   2.32644e-03  -1.17429e-01
                               ERR DEF= 0.5
 MIGRAD MINIMIZATION HAS CONVERGED.
 FCN=-3548.03 FROM MIGRAD    STATUS=CONVERGED     426 CALLS         427 TOTAL
                     EDM=2.13969e-05    STRATEGY= 1  ERROR MATRIX UNCERTAINTY   1.7 per cent
  EXT PARAMETER                                   STEP         FIRST   
  NO.   NAME      VALUE            ERROR          SIZE      DERIVATIVE 
   1  alphaF       1.75794e+00   2.04680e-01  -5.57315e-03  -2.80638e-02
   2  meanF       -2.04107e+00   3.05368e-01  -1.63810e-04  -1.70582e-01
   3  nF           2.33969e-01   1.51619e-01   4.47883e-03  -2.34543e-02
   4  nSigF        1.44625e+03   4.21549e+01  -3.29555e-04   4.25277e-03
   5  sigmaF       2.84260e+00   4.89284e-01  -2.29165e-02** at limit **
   6  sigmaF_2     3.21864e+00   2.94545e-01   5.03731e-04  -6.43829e-02
                               ERR DEF= 0.5
 EXTERNAL ERROR MATRIX.    NDIM=  26    NPAR=  6    ERR DEF=0.5
  4.251e-02 -2.323e-02 -3.051e-02  2.071e+00  5.982e-07  1.057e-02 
 -2.323e-02  9.339e-02  1.880e-02 -9.881e-01  1.554e-06 -7.412e-02 
 -3.051e-02  1.880e-02  2.319e-02 -1.803e+00 -3.806e-07 -1.100e-02 
  2.071e+00 -9.881e-01 -1.803e+00  1.778e+03  2.251e-05  5.141e-01 
  5.982e-07  1.554e-06 -3.806e-07  2.251e-05  4.217e-09 -7.974e-07 
  1.057e-02 -7.412e-02 -1.100e-02  5.141e-01 -7.974e-07  8.709e-02 
 PARAMETER  CORRELATION COEFFICIENTS  
       NO.  GLOBAL      1      2      3      4      5      6
        1  0.97598   1.000 -0.369 -0.972  0.238  0.045  0.174
        2  0.85739  -0.369  1.000  0.404 -0.077  0.078 -0.822
        3  0.97653  -0.972  0.404  1.000 -0.281 -0.038 -0.245
        4  0.32487   0.238 -0.077 -0.281  1.000  0.008  0.041
        5  0.12823   0.045  0.078 -0.038  0.008  1.000 -0.042
        6  0.84903   0.174 -0.822 -0.245  0.041 -0.042  1.000
 **********
 **   18 **HESSE        3000
 **********
 COVARIANCE MATRIX CALCULATED SUCCESSFULLY
 FCN=-3548.03 FROM HESSE     STATUS=OK             42 CALLS         469 TOTAL
                     EDM=4.14888e-05    STRATEGY= 1      ERROR MATRIX ACCURATE 
  EXT PARAMETER                                INTERNAL      INTERNAL  
  NO.   NAME      VALUE            ERROR       STEP SIZE       VALUE   
   1  alphaF       1.75794e+00   2.02572e-01   1.87118e-03  -5.40812e-01
   2  meanF       -2.04107e+00   3.04154e-01   1.42760e-03  -4.20496e-01
   3  nF           2.33969e-01   1.48537e-01   1.43804e-03  -1.18280e+00
   4  nSigF        1.44625e+03   4.20807e+01   1.69464e-03   3.90690e-01
   5  sigmaF       2.84260e+00   4.87257e-01   2.09009e-02  -1.57076e+00
                                 WARNING -   - ABOVE PARAMETER IS AT LIMIT.
   6  sigmaF_2     3.21864e+00   2.95023e-01   2.32413e-03  -1.14024e-02
                               ERR DEF= 0.5
 EXTERNAL ERROR MATRIX.    NDIM=  26    NPAR=  6    ERR DEF=0.5
  4.163e-02 -2.028e-02 -2.955e-02  2.003e+00  2.356e-07  9.113e-03 
 -2.028e-02  9.265e-02  1.637e-02 -8.085e-01  9.680e-07 -7.424e-02 
 -2.955e-02  1.637e-02  2.225e-02 -1.735e+00 -1.477e-07 -9.801e-03 
  2.003e+00 -8.085e-01 -1.735e+00  1.772e+03  7.484e-06  4.290e-01 
  2.356e-07  9.680e-07 -1.477e-07  7.484e-06  4.199e-09 -4.895e-07 
  9.113e-03 -7.424e-02 -9.801e-03  4.290e-01 -4.895e-07  8.737e-02 
 PARAMETER  CORRELATION COEFFICIENTS  
       NO.  GLOBAL      1      2      3      4      5      6
        1  0.97528   1.000 -0.327 -0.971  0.233  0.018  0.151
        2  0.85381  -0.327  1.000  0.360 -0.063  0.049 -0.825
        3  0.97579  -0.971  0.360  1.000 -0.276 -0.015 -0.222
        4  0.32073   0.233 -0.063 -0.276  1.000  0.003  0.034
        5  0.07070   0.018  0.049 -0.015  0.003  1.000 -0.026
        6  0.85065   0.151 -0.825 -0.222  0.034 -0.026  1.000
 **********
 **   23 **HESSE        3000
 **********
 COVARIANCE MATRIX CALCULATED SUCCESSFULLY
 FCN=-3856.24 FROM HESSE     STATUS=OK             58 CALLS         527 TOTAL
                     EDM=0.293545    STRATEGY= 1      ERROR MATRIX ACCURATE 
  EXT PARAMETER                                INTERNAL      INTERNAL  
  NO.   NAME      VALUE            ERROR       STEP SIZE       VALUE   
   1  alphaF       1.75794e+00   1.77683e-01   3.81722e-02  -5.40812e-01
   2  meanF       -2.04107e+00   3.52734e-01   2.91231e-02  -4.20496e-01
   3  nF           2.33969e-01   1.28082e-01   2.93360e-02  -1.18280e+00
   4  nSigF        1.44625e+03   4.00031e+01   6.91414e-03   3.90690e-01
   5  sigmaF       2.84260e+00   3.51007e-01   4.26379e-01  -1.57076e+00
                                 WARNING -   - ABOVE PARAMETER IS AT LIMIT.
   6  sigmaF_2     3.21864e+00   2.81241e-01   4.74123e-02  -1.14024e-02
                               ERR DEF= 0.5
 EXTERNAL ERROR MATRIX.    NDIM=  26    NPAR=  6    ERR DEF=0.5
  3.192e-02 -4.490e-03 -2.212e-02  1.331e+00  2.132e-06  5.802e-04 
 -4.490e-03  1.247e-01  5.132e-03 -2.219e-01  1.276e-05 -7.869e-02 
 -2.212e-02  5.132e-03  1.651e-02 -1.214e+00 -1.314e-06 -3.309e-03 
  1.331e+00 -2.219e-01 -1.214e+00  1.601e+03  4.167e-05  8.411e-02 
  2.132e-06  1.276e-05 -1.314e-06  4.167e-05  3.007e-09 -5.594e-06 
  5.802e-04 -7.869e-02 -3.309e-03  8.411e-02 -5.594e-06  7.937e-02 
 PARAMETER  CORRELATION COEFFICIENTS  
       NO.  GLOBAL      1      2      3      4      5      6
        1  0.96952   1.000 -0.071 -0.964  0.186  0.218  0.012
        2  0.90311  -0.071  1.000  0.113 -0.016  0.659 -0.791
        3  0.96939  -0.964  0.113  1.000 -0.236 -0.186 -0.091
        4  0.29037   0.186 -0.016 -0.236  1.000  0.019  0.007
        5  0.76555   0.218  0.659 -0.186  0.019  1.000 -0.362
        6  0.84479   0.012 -0.791 -0.091  0.007 -0.362  1.000

RooWorkspace(w) w contents

variables
---------
(acmsF,acmsP,alphaF,alphaP,betaF,betaP,eff,gammaF,gammaP,meanF,meanP,nBkgF,nBkgP,nF,nP,nSigF,nSigP,peakF,peakP,sigmaF,sigmaF_2,sigmaP,sigmaP_2,sosF,sosP,x)

p.d.f.s
-------
RooCMSShape::bkgFail[ x=x alpha=acmsF beta=betaF gamma=gammaF peak=peakF ] = 1.91031
RooCMSShape::bkgPass[ x=x alpha=acmsP beta=betaP gamma=gammaP peak=peakP ] = 1.91031
RooAddPdf::pdfFail[ nSigF * sigFail + nBkgF * bkgFail ] = 17.3771
RooAddPdf::pdfPass[ nSigP * sigPass + nBkgP * bkgPass ] = 19.9371
RooFFTConvPdf::sigFail[ sigPhysFail(x) (*) sigResFail(x) ] = 0.111321
RooFFTConvPdf::sigPass[ sigPhysPass(x) (*) sigResPass(x) ] = 0.127775
RooHistPdf::sigPhysFail[ pdfObs=(x) ] = 35600
RooHistPdf::sigPhysPass[ pdfObs=(x) ] = 35600
RooCBExGaussShape::sigResFail[ m=x  m0=meanF  sigma=sigResFail_3  alpha=alphaF  n=nF  sigma_2=sigResFail_6 ] = 0
RooCBExGaussShape::sigResPass[ m=x  m0=meanP  sigma=sigResPass_3  alpha=alphaP  n=nP  sigma_2=sigResPass_6 ] = 0

functions
--------
RooFormulaVar::sigResFail_3[ actualVars=(sigmaF,sosF) formula="sqrt(sigmaF*sigmaF+sosF*sosF)" ] = 2.23607
RooFormulaVar::sigResFail_6[ actualVars=(sigmaF_2,sosF) formula="sqrt(sigmaF_2*sigmaF_2+sosF*sosF)" ] = 2.23607
RooFormulaVar::sigResPass_3[ actualVars=(sigmaP,sosP) formula="sqrt(sigmaP*sigmaP+sosP*sosP)" ] = 1.41421
RooFormulaVar::sigResPass_6[ actualVars=(sigmaP_2,sosP) formula="sqrt(sigmaP_2*sigmaP_2+sosP*sosP)" ] = 1.80278

datasets
--------
RooDataHist::hPass(x)
RooDataHist::hFail(x)
RooDataHist::hGenZPass(x)
RooDataHist::hGenZFail(x)

embedded precalculated expensive components
-------------------------------------------
uid = 0 key=sigFail_sigPhysFail_CONV_sigResFail_CACHEHIST_Obs[x]_BufFrac0.1_BufStrat0 value=RooDataHist::sigFail_sigPhysFail_CONV_sigResFail_CACHEHIST_Obs[x]_BufFrac0.1_BufStrat0 parameters=( alphaF=2 meanF=-0 nF=3 sigmaF=2 sigmaF_2=2 sosF=1 )
uid = 1 key=sigPass_sigPhysPass_CONV_sigResPass_CACHEHIST_Obs[x]_BufFrac0.1_BufStrat0 value=RooDataHist::sigPass_sigPhysPass_CONV_sigResPass_CACHEHIST_Obs[x]_BufFrac0.1_BufStrat0 parameters=( alphaP=2 meanP=-0 nP=3 sigmaP=1 sigmaP_2=1.5 sosP=1 )
 title :  -  -2.000 < #eta_{SC} < -1.566 -  15.000 < probe_Pho_et < 20.000
 **********
 **   13 **MIGRAD        3000           1
 **********
 FIRST CALL TO USER FUNCTION AT NEW START POINT, WITH IFLAG=4.
 START MIGRAD MINIMIZATION.  STRATEGY  1.  CONVERGENCE WHEN EDM .LT. 1.00e-03
 FCN=-24675.9 FROM MIGRAD    STATUS=INITIATE      121 CALLS         122 TOTAL
                     EDM= unknown      STRATEGY= 1      NO ERROR MATRIX       
  EXT PARAMETER               CURRENT GUESS       STEP         FIRST   
  NO.   NAME      VALUE            ERROR          SIZE      DERIVATIVE 
   1  alphaP       1.83711e+00   2.30000e-01   1.08623e+00   2.01093e+01
   2  meanP        0.00000e+00   1.00000e+00   0.00000e+00   1.08032e+03
   3  nP           6.82928e-01   4.95000e-01   0.00000e+00  -3.68088e+01
   4  nSigP        5.39225e+03   8.98659e+02   0.00000e+00  -4.81277e+02
   5  sigmaP       4.65844e+00   1.50000e-01   0.00000e+00  -2.60742e+02
   6  sigmaP_2     1.50000e+00   5.00000e-01   0.00000e+00   2.96155e+02
                               ERR DEF= 0.5
 MIGRAD MINIMIZATION HAS CONVERGED.
 MIGRAD WILL VERIFY CONVERGENCE AND ERROR MATRIX.
 COVARIANCE MATRIX CALCULATED SUCCESSFULLY
 FCN=-24831.3 FROM MIGRAD    STATUS=CONVERGED     381 CALLS         382 TOTAL
                     EDM=8.15641e-06    STRATEGY= 1      ERROR MATRIX ACCURATE 
  EXT PARAMETER                                   STEP         FIRST   
  NO.   NAME      VALUE            ERROR          SIZE      DERIVATIVE 
   1  alphaP       1.90464e+00   1.18186e-01   3.19780e-03   3.67637e-02
   2  meanP       -1.99481e+00   3.00140e-01   1.62332e-03  -1.30586e-01
   3  nP           5.91591e-01   1.64747e-01   3.24103e-03   3.80382e-02
   4  nSigP        6.00671e+03   8.20540e+01   2.04496e-03   4.24114e-02
   5  sigmaP       4.12270e+00   2.65921e-01   4.40975e-03   4.65219e-02
   6  sigmaP_2     2.33629e+00   2.25166e-01   3.00010e-03  -4.42823e-02
                               ERR DEF= 0.5
 EXTERNAL ERROR MATRIX.    NDIM=  26    NPAR=  6    ERR DEF=0.5
  1.403e-02  9.303e-03 -1.848e-02  1.563e+00  1.314e-02 -6.141e-03 
  9.303e-03  9.021e-02 -5.527e-03  2.831e-01  7.004e-02 -6.323e-02 
 -1.848e-02 -5.527e-03  2.725e-02 -2.855e+00 -1.126e-02  3.085e-03 
  1.563e+00  2.831e-01 -2.855e+00  6.734e+03  5.608e-01 -1.785e-01 
  1.314e-02  7.004e-02 -1.126e-02  5.608e-01  7.097e-02 -4.480e-02 
 -6.141e-03 -6.323e-02  3.085e-03 -1.785e-01 -4.480e-02  5.083e-02 
 PARAMETER  CORRELATION COEFFICIENTS  
       NO.  GLOBAL      1      2      3      4      5      6
        1  0.96475   1.000  0.262 -0.945  0.161  0.417 -0.230
        2  0.97373   0.262  1.000 -0.111  0.011  0.875 -0.934
        3  0.96033  -0.945 -0.111  1.000 -0.211 -0.256  0.083
        4  0.24752   0.161  0.011 -0.211  1.000  0.026 -0.010
        5  0.92260   0.417  0.875 -0.256  0.026  1.000 -0.746
        6  0.94835  -0.230 -0.934  0.083 -0.010 -0.746  1.000
 **********
 **   18 **HESSE        3000
 **********
 COVARIANCE MATRIX CALCULATED SUCCESSFULLY
 FCN=-24831.3 FROM HESSE     STATUS=OK             40 CALLS         422 TOTAL
                     EDM=8.39275e-06    STRATEGY= 1      ERROR MATRIX ACCURATE 
  EXT PARAMETER                                INTERNAL      INTERNAL  
  NO.   NAME      VALUE            ERROR       STEP SIZE       VALUE   
   1  alphaP       1.90464e+00   1.33769e-01   6.39560e-04  -3.97670e-01
   2  meanP       -1.99481e+00   3.08595e-01   3.24663e-04  -4.10384e-01
   3  nP           5.91591e-01   1.85936e-01   1.29641e-04  -8.96546e-01
   4  nSigP        6.00671e+03   8.25015e+01   8.17985e-05   3.43415e-01
   5  sigmaP       4.12270e+00   2.76097e-01   1.76390e-04   2.95884e-01
   6  sigmaP_2     2.33629e+00   2.30496e-01   6.00019e-04  -3.38699e-01
                               ERR DEF= 0.5
 EXTERNAL ERROR MATRIX.    NDIM=  26    NPAR=  6    ERR DEF=0.5
  1.799e-02  1.202e-02 -2.392e-02  2.100e+00  1.694e-02 -7.860e-03 
  1.202e-02  9.537e-02 -8.928e-03  5.929e-01  7.516e-02 -6.677e-02 
 -2.392e-02 -8.928e-03  3.474e-02 -3.596e+00 -1.622e-02  5.211e-03 
  2.100e+00  5.929e-01 -3.596e+00  6.807e+03  1.030e+00 -3.701e-01 
  1.694e-02  7.516e-02 -1.622e-02  1.030e+00  7.653e-02 -4.823e-02 
 -7.860e-03 -6.677e-02  5.211e-03 -3.701e-01 -4.823e-02  5.327e-02 
 PARAMETER  CORRELATION COEFFICIENTS  
       NO.  GLOBAL      1      2      3      4      5      6
        1  0.97263   1.000  0.290 -0.957  0.190  0.456 -0.254
        2  0.97517   0.290  1.000 -0.155  0.023  0.880 -0.937
        3  0.96903  -0.957 -0.155  1.000 -0.234 -0.315  0.121
        4  0.26725   0.190  0.023 -0.234  1.000  0.045 -0.019
        5  0.92844   0.456  0.880 -0.315  0.045  1.000 -0.755
        6  0.95078  -0.254 -0.937  0.121 -0.019 -0.755  1.000
 **********
 **   23 **HESSE        3000
 **********
 COVARIANCE MATRIX CALCULATED SUCCESSFULLY
 FCN=-26776.1 FROM HESSE     STATUS=OK             54 CALLS         476 TOTAL
                     EDM=0.907797    STRATEGY= 1      ERROR MATRIX ACCURATE 
  EXT PARAMETER                                INTERNAL      INTERNAL  
  NO.   NAME      VALUE            ERROR       STEP SIZE       VALUE   
   1  alphaP       1.90464e+00   9.59455e-02   1.30470e-02  -3.97670e-01
   2  meanP       -1.99481e+00   2.59417e-01   6.62313e-03  -4.10384e-01
   3  nP           5.91591e-01   1.36700e-01   2.64468e-03  -8.96546e-01
   4  nSigP        6.00671e+03   7.87146e+01   1.66869e-03   3.43415e-01
   5  sigmaP       4.12270e+00   2.28476e-01   3.59836e-03   2.95884e-01
   6  sigmaP_2     2.33629e+00   1.96114e-01   1.22404e-02  -3.38699e-01
                               ERR DEF= 0.5
 EXTERNAL ERROR MATRIX.    NDIM=  26    NPAR=  6    ERR DEF=0.5
  9.231e-03  4.287e-03 -1.218e-02  1.018e+00  7.036e-03 -2.780e-03 
  4.287e-03  6.737e-02 -3.026e-04 -1.645e-01  5.077e-02 -4.682e-02 
 -1.218e-02 -3.026e-04  1.874e-02 -2.091e+00 -4.251e-03 -2.960e-04 
  1.018e+00 -1.645e-01 -2.091e+00  6.197e+03 -4.014e-02  1.098e-01 
  7.036e-03  5.077e-02 -4.251e-03 -4.014e-02  5.234e-02 -3.152e-02 
 -2.780e-03 -4.682e-02 -2.960e-04  1.098e-01 -3.152e-02  3.853e-02 
 PARAMETER  CORRELATION COEFFICIENTS  
       NO.  GLOBAL      1      2      3      4      5      6
        1  0.94992   1.000  0.172 -0.926  0.135  0.320 -0.147
        2  0.96729   0.172  1.000 -0.009 -0.008  0.855 -0.919
        3  0.94548  -0.926 -0.009  1.000 -0.194 -0.136 -0.011
        4  0.23347   0.135 -0.008 -0.194  1.000 -0.002  0.007
        5  0.90507   0.320  0.855 -0.136 -0.002  1.000 -0.702
        6  0.93634  -0.147 -0.919 -0.011  0.007 -0.702  1.000
 **********
 **   13 **MIGRAD        3000           1
 **********
 FIRST CALL TO USER FUNCTION AT NEW START POINT, WITH IFLAG=4.
 START MIGRAD MINIMIZATION.  STRATEGY  1.  CONVERGENCE WHEN EDM .LT. 1.00e-03
 FCN=-3480.89 FROM MIGRAD    STATUS=INITIATE      118 CALLS         119 TOTAL
                     EDM= unknown      STRATEGY= 1      NO ERROR MATRIX       
  EXT PARAMETER               CURRENT GUESS       STEP         FIRST   
  NO.   NAME      VALUE            ERROR          SIZE      DERIVATIVE 
   1  alphaF       1.27969e+00   2.30000e-01   3.60310e-01  -5.87086e-01
   2  meanF        0.00000e+00   1.00000e+00   0.00000e+00   3.02193e+01
   3  nF           6.48378e-01   4.95000e-01   0.00000e+00  -8.83930e+00
   4  nSigF        1.27998e+03   2.13281e+02   0.00000e+00  -1.43700e+02
   5  sigmaF       7.29053e+00   4.12270e-01   0.00000e+00  -5.38565e+00
   6  sigmaF_2     2.00000e+00   5.50000e-01   0.00000e+00   3.92561e+00
                               ERR DEF= 0.5
 MIGRAD MINIMIZATION HAS CONVERGED.
 MIGRAD WILL VERIFY CONVERGENCE AND ERROR MATRIX.
 COVARIANCE MATRIX CALCULATED SUCCESSFULLY
 FCN=-3498.48 FROM MIGRAD    STATUS=CONVERGED     334 CALLS         335 TOTAL
                     EDM=6.98814e-05    STRATEGY= 1      ERROR MATRIX ACCURATE 
  EXT PARAMETER                                   STEP         FIRST   
  NO.   NAME      VALUE            ERROR          SIZE      DERIVATIVE 
   1  alphaF       1.20000e+00   2.12550e-01   2.45236e-02** at limit **
   2  meanF       -2.37537e+00   7.77089e-01   1.92652e-03   4.61574e-02
   3  nF           5.16958e-01   9.80345e-02   1.87911e-03   1.60032e-01
   4  nSigF        1.48672e+03   4.25347e+01   1.69312e-03   5.16440e-02
   5  sigmaF       4.86864e+00   1.03441e+00   5.41323e-03  -3.64336e-02
   6  sigmaF_2     3.50908e+00   5.13862e-01   2.75484e-03   4.88790e-02
                               ERR DEF= 0.5
 EXTERNAL ERROR MATRIX.    NDIM=  26    NPAR=  6    ERR DEF=0.5
  4.170e-08  2.312e-06 -1.635e-06  7.097e-05  6.390e-06 -1.180e-06 
  2.312e-06  6.103e-01  4.380e-02 -2.608e+00  6.718e-01 -3.649e-01 
 -1.635e-06  4.380e-02  9.626e-03 -1.145e+00  6.891e-02 -2.637e-02 
  7.097e-05 -2.608e+00 -1.145e+00  1.810e+03 -5.375e+00  1.363e+00 
  6.390e-06  6.718e-01  6.891e-02 -5.375e+00  1.104e+00 -3.359e-01 
 -1.180e-06 -3.649e-01 -2.637e-02  1.363e+00 -3.359e-01  2.672e-01 
 PARAMETER  CORRELATION COEFFICIENTS  
       NO.  GLOBAL      1      2      3      4      5      6
        1  0.15195   1.000  0.014 -0.082  0.008  0.030 -0.011
        2  0.96411   0.014  1.000  0.571 -0.078  0.818 -0.904
        3  0.73354  -0.082  0.571  1.000 -0.274  0.668 -0.520
        4  0.29592   0.008 -0.078 -0.274  1.000 -0.120  0.062
        5  0.90194   0.030  0.818  0.668 -0.120  1.000 -0.618
        6  0.93400  -0.011 -0.904 -0.520  0.062 -0.618  1.000
 **********
 **   18 **HESSE        3000
 **********
 COVARIANCE MATRIX CALCULATED SUCCESSFULLY
 FCN=-3498.48 FROM HESSE     STATUS=OK             40 CALLS         375 TOTAL
                     EDM=6.77677e-05    STRATEGY= 1      ERROR MATRIX ACCURATE 
  EXT PARAMETER                                INTERNAL      INTERNAL  
  NO.   NAME      VALUE            ERROR       STEP SIZE       VALUE   
   1  alphaF       1.20000e+00   2.12898e-01   4.90472e-03  -1.57108e+00
                                 WARNING -   - ABOVE PARAMETER IS AT LIMIT.
   2  meanF       -2.37537e+00   7.82009e-01   3.85305e-04  -4.95049e-01
   3  nF           5.16958e-01   9.78932e-02   3.75821e-04  -9.46424e-01
   4  nSigF        1.48672e+03   4.25396e+01   3.38623e-04   4.04626e-01
   5  sigmaF       4.86864e+00   1.03424e+00   1.08265e-03  -7.12458e-01
   6  sigmaF_2     3.50908e+00   5.18423e-01   5.50969e-04   9.43508e-02
                               ERR DEF= 0.5
 EXTERNAL ERROR MATRIX.    NDIM=  26    NPAR=  6    ERR DEF=0.5
  4.177e-08  4.273e-07 -2.958e-07  1.292e-05  1.169e-06 -2.185e-07 
  4.273e-07  6.181e-01  4.443e-02 -2.647e+00  6.763e-01 -3.713e-01 
 -2.958e-07  4.443e-02  9.598e-03 -1.146e+00  6.940e-02 -2.688e-02 
  1.292e-05 -2.647e+00 -1.146e+00  1.811e+03 -5.404e+00  1.396e+00 
  1.169e-06  6.763e-01  6.940e-02 -5.404e+00  1.104e+00 -3.405e-01 
 -2.185e-07 -3.713e-01 -2.688e-02  1.396e+00 -3.405e-01  2.720e-01 
 PARAMETER  CORRELATION COEFFICIENTS  
       NO.  GLOBAL      1      2      3      4      5      6
        1  0.02784   1.000  0.003 -0.015  0.001  0.005 -0.002
        2  0.96457   0.003  1.000  0.577 -0.079  0.819 -0.905
        3  0.73263  -0.015  0.577  1.000 -0.275  0.674 -0.526
        4  0.29627   0.001 -0.079 -0.275  1.000 -0.121  0.063
        5  0.90190   0.005  0.819  0.674 -0.121  1.000 -0.621
        6  0.93521  -0.002 -0.905 -0.526  0.063 -0.621  1.000
 **********
 **   23 **HESSE        3000
 **********
 EIGENVALUES OF SECOND-DERIVATIVE MATRIX:
        -6.3024e-02  5.1084e-02  3.9472e-01  8.9540e-01  1.4286e+00  3.2932e+00
 MINUIT WARNING IN HESSE   
 ============== MATRIX FORCED POS-DEF BY ADDING 0.066317 TO DIAGONAL.
 FCN=-3773.34 FROM HESSE     STATUS=NOT POSDEF     62 CALLS         437 TOTAL
                     EDM=12.7069    STRATEGY= 1      ERR MATRIX NOT POS-DEF
  EXT PARAMETER                APPROXIMATE     INTERNAL      INTERNAL  
  NO.   NAME      VALUE            ERROR       STEP SIZE       VALUE   
   1  alphaF       1.20000e+00   2.18737e+00   5.00000e-01  -1.57108e+00
                                 WARNING -   - ABOVE PARAMETER IS AT LIMIT.
   2  meanF       -2.37537e+00   9.00397e-01   7.86022e-03  -4.95049e-01
   3  nF           5.16958e-01   5.77642e-01   7.66675e-03  -9.46424e-01
   4  nSigF        1.48672e+03   4.23417e+01   6.90791e-03   4.04626e-01
   5  sigmaF       4.86864e+00   2.61346e+00   2.20860e-02  -7.12458e-01
   6  sigmaF_2     3.50908e+00   4.32010e-01   1.12398e-02   9.43508e-02
                               ERR DEF= 0.5
 EXTERNAL ERROR MATRIX.    NDIM=  26    NPAR=  6    ERR DEF=0.5
  6.855e-07  6.467e-04 -4.879e-04  1.312e-02  2.387e-03 -2.377e-04 
  6.467e-04  8.223e-01 -4.487e-01  1.194e+01  2.476e+00 -3.416e-01 
 -4.879e-04 -4.487e-01  3.531e-01 -1.008e+01 -1.673e+00  1.620e-01 
  1.312e-02  1.194e+01 -1.008e+01  1.794e+03  4.377e+01 -4.402e+00 
  2.387e-03  2.476e+00 -1.673e+00  4.377e+01  8.826e+00 -9.025e-01 
 -2.377e-04 -3.416e-01  1.620e-01 -4.402e+00 -9.025e-01  1.882e-01 
ERR MATRIX NOT POS-DEF
 PARAMETER  CORRELATION COEFFICIENTS  
       NO.  GLOBAL      1      2      3      4      5      6
        1  0.99698   1.000  0.861 -0.992  0.374  0.970 -0.662
        2  0.97709   0.861  1.000 -0.833  0.311  0.919 -0.868
        3  0.99455  -0.992 -0.833  1.000 -0.400 -0.948  0.628
        4  0.44533   0.374  0.311 -0.400  1.000  0.348 -0.240
        5  0.98997   0.970  0.919 -0.948  0.348  1.000 -0.700
        6  0.91701  -0.662 -0.868  0.628 -0.240 -0.700  1.000
 ERR MATRIX NOT POS-DEF

RooWorkspace(w) w contents

variables
---------
(acmsF,acmsP,alphaF,alphaP,betaF,betaP,eff,gammaF,gammaP,meanF,meanP,nBkgF,nBkgP,nF,nP,nSigF,nSigP,peakF,peakP,sigmaF,sigmaF_2,sigmaP,sigmaP_2,sosF,sosP,x)

p.d.f.s
-------
RooCMSShape::bkgFail[ x=x alpha=acmsF beta=betaF gamma=gammaF peak=peakF ] = 1.91031
RooCMSShape::bkgPass[ x=x alpha=acmsP beta=betaP gamma=gammaP peak=peakP ] = 1.91031
RooAddPdf::pdfFail[ nSigF * sigFail + nBkgF * bkgFail ] = 17.3771
RooAddPdf::pdfPass[ nSigP * sigPass + nBkgP * bkgPass ] = 19.9371
RooFFTConvPdf::sigFail[ sigPhysFail(x) (*) sigResFail(x) ] = 0.111321
RooFFTConvPdf::sigPass[ sigPhysPass(x) (*) sigResPass(x) ] = 0.127775
RooHistPdf::sigPhysFail[ pdfObs=(x) ] = 35600
RooHistPdf::sigPhysPass[ pdfObs=(x) ] = 35600
RooCBExGaussShape::sigResFail[ m=x  m0=meanF  sigma=sigResFail_3  alpha=alphaF  n=nF  sigma_2=sigResFail_6 ] = 0
RooCBExGaussShape::sigResPass[ m=x  m0=meanP  sigma=sigResPass_3  alpha=alphaP  n=nP  sigma_2=sigResPass_6 ] = 0

functions
--------
RooFormulaVar::sigResFail_3[ actualVars=(sigmaF,sosF) formula="sqrt(sigmaF*sigmaF+sosF*sosF)" ] = 2.23607
RooFormulaVar::sigResFail_6[ actualVars=(sigmaF_2,sosF) formula="sqrt(sigmaF_2*sigmaF_2+sosF*sosF)" ] = 2.23607
RooFormulaVar::sigResPass_3[ actualVars=(sigmaP,sosP) formula="sqrt(sigmaP*sigmaP+sosP*sosP)" ] = 1.41421
RooFormulaVar::sigResPass_6[ actualVars=(sigmaP_2,sosP) formula="sqrt(sigmaP_2*sigmaP_2+sosP*sosP)" ] = 1.80278

datasets
--------
RooDataHist::hPass(x)
RooDataHist::hFail(x)
RooDataHist::hGenZPass(x)
RooDataHist::hGenZFail(x)

embedded precalculated expensive components
-------------------------------------------
uid = 0 key=sigFail_sigPhysFail_CONV_sigResFail_CACHEHIST_Obs[x]_BufFrac0.1_BufStrat0 value=RooDataHist::sigFail_sigPhysFail_CONV_sigResFail_CACHEHIST_Obs[x]_BufFrac0.1_BufStrat0 parameters=( alphaF=2 meanF=-0 nF=3 sigmaF=2 sigmaF_2=2 sosF=1 )
uid = 1 key=sigPass_sigPhysPass_CONV_sigResPass_CACHEHIST_Obs[x]_BufFrac0.1_BufStrat0 value=RooDataHist::sigPass_sigPhysPass_CONV_sigResPass_CACHEHIST_Obs[x]_BufFrac0.1_BufStrat0 parameters=( alphaP=2 meanP=-0 nP=3 sigmaP=1 sigmaP_2=1.5 sosP=1 )
 title :  -  -1.566 < #eta_{SC} < -1.444 -  15.000 < probe_Pho_et < 20.000
 **********
 **   13 **MIGRAD        3000           1
 **********
 FIRST CALL TO USER FUNCTION AT NEW START POINT, WITH IFLAG=4.
 START MIGRAD MINIMIZATION.  STRATEGY  1.  CONVERGENCE WHEN EDM .LT. 1.00e-03
 FCN=-4229.15 FROM MIGRAD    STATUS=INITIATE       97 CALLS          98 TOTAL
                     EDM= unknown      STRATEGY= 1      NO ERROR MATRIX       
  EXT PARAMETER               CURRENT GUESS       STEP         FIRST   
  NO.   NAME      VALUE            ERROR          SIZE      DERIVATIVE 
   1  alphaP       1.20029e+00   2.30000e-01   0.00000e+00   2.60567e+00
   2  meanP        0.00000e+00   1.00000e+00   0.00000e+00   1.77725e+02
   3  nP           2.53560e-01   4.95000e-01   0.00000e+00   5.07298e+01
   4  nSigP        1.54204e+03   2.56957e+02   0.00000e+00  -2.04993e+02
   5  sigmaP       5.99960e+00   1.50000e-01   2.67852e+00   5.83709e-01
   6  sigmaP_2     1.50000e+00   5.00000e-01   0.00000e+00   6.30468e+01
                               ERR DEF= 0.5
 MIGRAD MINIMIZATION HAS CONVERGED.
 MIGRAD WILL VERIFY CONVERGENCE AND ERROR MATRIX.
 COVARIANCE MATRIX CALCULATED SUCCESSFULLY
 FCN=-4294.78 FROM MIGRAD    STATUS=CONVERGED     344 CALLS         345 TOTAL
                     EDM=0.000116176    STRATEGY= 1      ERROR MATRIX ACCURATE 
  EXT PARAMETER                                   STEP         FIRST   
  NO.   NAME      VALUE            ERROR          SIZE      DERIVATIVE 
   1  alphaP       1.20000e+00   3.24757e-02   1.06195e-02   3.68919e-02
   2  meanP       -4.56397e+00   6.26264e-01   5.19053e-03  -1.39311e-02
   3  nP           1.52923e-01   3.84023e-02   2.18894e-03   1.53210e-02
   4  nSigP        1.85922e+03   5.02272e+01   1.84768e-03   8.91103e-02
   5  sigmaP       6.00000e+00   3.16512e-01   2.20862e-02** at limit **
   6  sigmaP_2     4.08808e+00   4.97750e-01   3.20955e-03  -4.26569e-02
                               ERR DEF= 0.5
 EXTERNAL ERROR MATRIX.    NDIM=  26    NPAR=  6    ERR DEF=0.5
  3.285e-07 -1.459e-06 -7.530e-07  1.023e-04 -3.092e-11  7.992e-07 
 -1.459e-06  4.052e-01  2.001e-04  2.548e+00 -9.232e-06 -2.934e-01 
 -7.530e-07  2.001e-04  1.476e-03 -6.614e-01 -1.631e-07 -2.486e-03 
  1.023e-04  2.548e+00 -6.614e-01  2.524e+03  8.736e-05 -1.404e+00 
 -3.092e-11 -9.232e-06 -1.631e-07  8.736e-05  1.239e-06  4.949e-06 
  7.992e-07 -2.934e-01 -2.486e-03 -1.404e+00  4.949e-06  2.508e-01 
 PARAMETER  CORRELATION COEFFICIENTS  
       NO.  GLOBAL      1      2      3      4      5      6
        1  0.03816   1.000 -0.004 -0.034  0.004 -0.000  0.003
        2  0.92727  -0.004  1.000  0.008  0.080 -0.013 -0.920
        3  0.45550  -0.034  0.008  1.000 -0.343 -0.004 -0.129
        4  0.35853   0.004  0.080 -0.343  1.000  0.002 -0.056
        5  0.01663  -0.000 -0.013 -0.004  0.002  1.000  0.009
        6  0.92880   0.003 -0.920 -0.129 -0.056  0.009  1.000
 **********
 **   18 **HESSE        3000
 **********
 COVARIANCE MATRIX CALCULATED SUCCESSFULLY
 FCN=-4294.78 FROM HESSE     STATUS=OK             40 CALLS         385 TOTAL
                     EDM=0.000115774    STRATEGY= 1      ERROR MATRIX ACCURATE 
  EXT PARAMETER                                INTERNAL      INTERNAL  
  NO.   NAME      VALUE            ERROR       STEP SIZE       VALUE   
   1  alphaP       1.20000e+00   3.24618e-02   2.12390e-03  -1.56870e+00
   2  meanP       -4.56397e+00   6.15394e-01   2.07621e-04  -1.15008e+00
   3  nP           1.52923e-01   3.83826e-02   8.75575e-05  -1.28140e+00
   4  nSigP        1.85922e+03   5.02106e+01   3.69536e-04   4.63086e-01
   5  sigmaP       6.00000e+00   3.16501e-01   4.41724e-03   1.57165e+00
                                 WARNING -   - ABOVE PARAMETER IS AT LIMIT.
   6  sigmaP_2     4.08808e+00   4.89319e-01   6.41909e-04   3.09684e-01
                               ERR DEF= 0.5
 EXTERNAL ERROR MATRIX.    NDIM=  26    NPAR=  6    ERR DEF=0.5
  3.284e-07 -6.032e-07 -3.205e-07  4.347e-05 -3.764e-12  3.253e-07 
 -6.032e-07  3.908e-01  2.909e-04  2.415e+00 -2.256e-06 -2.823e-01 
 -3.205e-07  2.909e-04  1.475e-03 -6.600e-01 -4.141e-08 -2.553e-03 
  4.347e-05  2.415e+00 -6.600e-01  2.523e+03  2.299e-05 -1.305e+00 
 -3.764e-12 -2.256e-06 -4.141e-08  2.299e-05  1.238e-06  1.181e-06 
  3.253e-07 -2.823e-01 -2.553e-03 -1.305e+00  1.181e-06  2.423e-01 
 PARAMETER  CORRELATION COEFFICIENTS  
       NO.  GLOBAL      1      2      3      4      5      6
        1  0.01625   1.000 -0.002 -0.015  0.002 -0.000  0.001
        2  0.92448  -0.002  1.000  0.012  0.077 -0.003 -0.917
        3  0.45463  -0.015  0.012  1.000 -0.342 -0.001 -0.135
        4  0.35773   0.002  0.077 -0.342  1.000  0.000 -0.053
        5  0.00419  -0.000 -0.003 -0.001  0.000  1.000  0.002
        6  0.92620   0.001 -0.917 -0.135 -0.053  0.002  1.000
 **********
 **   23 **HESSE        3000
 **********
 COVARIANCE MATRIX CALCULATED SUCCESSFULLY
 FCN=-4658.17 FROM HESSE     STATUS=OK             56 CALLS         441 TOTAL
                     EDM=0.0201676    STRATEGY= 1      ERROR MATRIX ACCURATE 
  EXT PARAMETER                                INTERNAL      INTERNAL  
