===> settings etc/config/settings_pho.py <===
import etc.config.settings_pho as tnpConf
[?1034h
[1mRooFit v3.60 -- Developed by Wouter Verkerke and David Kirkby[0m 
                Copyright (C) 2000-2013 NIKHEF, University of California & Stanford University
                All rights reserved, please read http://roofit.sourceforge.net/license.txt

===>  Output directory: 
results/Moriond17/tnpPhoID_Winter17MC//passingMVA80Xwp90/
**** name: data_Run2016H                                                                                        
  path    :  ['eos/cms/store/group/phys_egamma/tnp/80X/PhoEleIDs/Moriond17_v1/data/TnPTree_SingleElectron_2016prompt_RunH.root', 'eos/cms/store/group/phys_egamma/tnp/80X/PhoEleIDs/Moriond17_v1/data/TnPTree_SingleElectron_2016rereco_RunG.root', 'eos/cms/store/group/phys_egamma/tnp/80X/PhoEleIDs/Moriond17_v1/data/TnPTree_SingleElectron_2016rereco_RunF.root', 'eos/cms/store/group/phys_egamma/tnp/80X/PhoEleIDs/Moriond17_v1/data/TnPTree_SingleElectron_2016rereco_RunE.root', 'eos/cms/store/group/phys_egamma/tnp/80X/PhoEleIDs/Moriond17_v1/data/TnPTree_SingleElectron_2016rereco_RunD.root', 'eos/cms/store/group/phys_egamma/tnp/80X/PhoEleIDs/Moriond17_v1/data/TnPTree_SingleElectron_2016rereco_RunC.root', 'eos/cms/store/group/phys_egamma/tnp/80X/PhoEleIDs/Moriond17_v1/data/TnPTree_SingleElectron_2016rereco_RunB.root']
  tnpTree :  GsfElectronToPhoID
   --- Data sample --- 
  lumi     :  36.212

RooWorkspace(w) w contents

variables
---------
(alphaF,alphaP,eff,meanF,meanP,nBkgF,nBkgP,nSigF,nSigP,sigmaF,sigmaP,x)

p.d.f.s
-------
RooExponential::bkgFail[ x=x c=alphaF ] = 1
RooExponential::bkgPass[ x=x c=alphaP ] = 1
RooAddPdf::pdfFail[ nSigF * sigFail + nBkgF * bkgFail ] = 9.52302
RooAddPdf::pdfPass[ nSigP * sigPass + nBkgP * bkgPass ] = 12.5795
RooFFTConvPdf::sigFail[ sigPhysFail(x) (*) sigResFail(x) ] = 0.0616465
RooFFTConvPdf::sigPass[ sigPhysPass(x) (*) sigResPass(x) ] = 0.0810723
RooHistPdf::sigPhysFail[ pdfObs=(x) ] = 76.7849
RooHistPdf::sigPhysPass[ pdfObs=(x) ] = 497.517
RooGaussian::sigResFail[ x=x mean=meanF sigma=sigmaF ] = 0
RooGaussian::sigResPass[ x=x mean=meanP sigma=sigmaP ] = 0

datasets
--------
RooDataHist::hPass(x)
RooDataHist::hFail(x)
RooDataHist::hGenZPass(x)
RooDataHist::hGenZFail(x)

embedded precalculated expensive components
-------------------------------------------
uid = 0 key=sigFail_sigPhysFail_CONV_sigResFail_CACHEHIST_Obs[x]_BufFrac0.1_BufStrat0 value=RooDataHist::sigFail_sigPhysFail_CONV_sigResFail_CACHEHIST_Obs[x]_BufFrac0.1_BufStrat0 parameters=( meanF=-0 sigmaF=0.9 )
uid = 1 key=sigPass_sigPhysPass_CONV_sigResPass_CACHEHIST_Obs[x]_BufFrac0.1_BufStrat0 value=RooDataHist::sigPass_sigPhysPass_CONV_sigResPass_CACHEHIST_Obs[x]_BufFrac0.1_BufStrat0 parameters=( meanP=-0 sigmaP=0.9 )
 title :  -  -2.500 < #eta_{SC} < -2.000 -  15.000 < probe_Pho_et < 20.000
 **********
 **   13 **MIGRAD        2500           1
 **********
 FIRST CALL TO USER FUNCTION AT NEW START POINT, WITH IFLAG=4.
 START MIGRAD MINIMIZATION.  STRATEGY  1.  CONVERGENCE WHEN EDM .LT. 1.00e-03
 FCN=-122072 FROM MIGRAD    STATUS=INITIATE       22 CALLS          23 TOTAL
                     EDM= unknown      STRATEGY= 1      NO ERROR MATRIX       
  EXT PARAMETER               CURRENT GUESS       STEP         FIRST   
  NO.   NAME      VALUE            ERROR          SIZE      DERIVATIVE 
   1  alphaP       0.00000e+00   1.00000e+00   2.01358e-01   3.29085e+04
   2  meanP        0.00000e+00   1.00000e+00   2.01358e-01   4.97765e+02
   3  nBkgP        2.18130e+03   1.09040e+03   1.38131e-01   4.17748e+01
   4  nSigP        1.96317e+04   3.27190e+03   2.05758e-01  -1.10831e+03
   5  sigmaP       9.00000e-01   2.00000e-01   1.61380e-01  -8.73813e+01
                               ERR DEF= 0.5
 EIGENVALUES OF SECOND-DERIVATIVE MATRIX:
        -6.5072e-04  7.8221e-01  9.5131e-01  1.2359e+00  2.0312e+00
 MINUIT WARNING IN MIGRAD  
 ============== MATRIX FORCED POS-DEF BY ADDING 0.002682 TO DIAGONAL.
 MIGRAD FAILS TO FIND IMPROVEMENT
 COVARIANCE MATRIX CALCULATED SUCCESSFULLY
 FCN=-122251 FROM HESSE     STATUS=OK             35 CALLS         120 TOTAL
                     EDM=1.12336    STRATEGY= 1      ERROR MATRIX ACCURATE 
  EXT PARAMETER                                   STEP         FIRST   
  NO.   NAME      VALUE            ERROR          SIZE      DERIVATIVE 
   1  alphaP      -3.18926e-02   2.51105e-03   1.19443e-04   1.48708e+03
   2  meanP       -9.13338e-02   2.39431e-05   1.66954e-05  -1.61234e+00
   3  nBkgP        2.58246e+03   1.53538e+02   3.65218e-03   4.36974e+01
   4  nSigP        2.11496e+04   1.76281e+02   2.34345e-03   1.40899e+02
   5  sigmaP       1.37935e+00   5.45649e-05   1.06677e-04   1.81692e+02
                               ERR DEF= 0.5
 MIGRAD FAILS TO FIND IMPROVEMENT
 MIGRAD TERMINATED WITHOUT CONVERGENCE.
 FCN=-122252 FROM MIGRAD    STATUS=FAILED        160 CALLS         161 TOTAL
                     EDM=6.27428    STRATEGY= 1  ERROR MATRIX UNCERTAINTY   2.2 per cent
  EXT PARAMETER                APPROXIMATE        STEP         FIRST   
  NO.   NAME      VALUE            ERROR          SIZE      DERIVATIVE 
   1  alphaP      -3.32331e-02   2.52837e-03   0.00000e+00   2.99553e+00
   2  meanP       -9.13338e-02   1.69397e-05   0.00000e+00  -5.20084e+05
   3  nBkgP        2.60977e+03   1.58439e+02  -0.00000e+00  -1.81271e-02
   4  nSigP        2.09343e+04   1.82494e+02   0.00000e+00   3.25098e-02
   5  sigmaP       1.37935e+00   3.86420e-05   0.00000e+00  -8.13546e+04
                               ERR DEF= 0.5
 EXTERNAL ERROR MATRIX.    NDIM=  25    NPAR=  5    ERR DEF=0.5
  6.393e-06  1.884e-10 -1.310e-01  2.471e-02 -2.288e-10 
  1.884e-10  2.870e-10 -2.228e-05  2.571e-05 -6.532e-10 
 -1.310e-01 -2.228e-05  2.511e+04 -1.415e+04  3.543e-05 
  2.471e-02  2.571e-05 -1.415e+04  3.331e+04 -3.954e-05 
 -2.288e-10 -6.532e-10  3.543e-05 -3.954e-05  1.493e-09 
ERR MATRIX APPROXIMATE
 PARAMETER  CORRELATION COEFFICIENTS  
       NO.  GLOBAL      1      2      3      4      5
        1  0.34984   1.000  0.004 -0.327  0.054 -0.002
        2  0.99784   0.004  1.000 -0.008  0.008 -0.998
        3  0.57484  -0.327 -0.008  1.000 -0.489  0.006
        4  0.50289   0.054  0.008 -0.489  1.000 -0.006
        5  0.99784  -0.002 -0.998  0.006 -0.006  1.000
 ERR MATRIX APPROXIMATE
 **********
 **   18 **HESSE        2500
 **********
 COVARIANCE MATRIX CALCULATED SUCCESSFULLY
 FCN=-122252 FROM HESSE     STATUS=OK             41 CALLS         202 TOTAL
                     EDM=1.61568e-05    STRATEGY= 1      ERROR MATRIX ACCURATE 
  EXT PARAMETER                                INTERNAL      INTERNAL  
  NO.   NAME      VALUE            ERROR       STEP SIZE       VALUE   
   1  alphaP      -3.32331e-02   2.51430e-03   1.15497e-04  -6.64667e-03
   2  meanP       -9.13338e-02   1.66687e-05   1.15637e-05  -1.82678e-02
   3  nBkgP        2.60977e+03   1.52792e+02   3.51523e-03  -9.98213e-01
   4  nSigP        2.09343e+04   1.74290e+02   2.34958e-03   2.83391e-01
   5  sigmaP       1.37935e+00   3.79679e-05   7.38335e-05  -6.55022e-01
                               ERR DEF= 0.5
 EXTERNAL ERROR MATRIX.    NDIM=  25    NPAR=  5    ERR DEF=0.5
  6.322e-06 -3.058e-12 -1.035e-01 -3.214e-03 -4.442e-12 
 -3.058e-12  2.778e-10  6.745e-08 -2.822e-08 -4.035e-17 
 -1.035e-01  6.745e-08  2.335e+04 -1.226e+04 -5.330e-07 
 -3.214e-03 -2.822e-08 -1.226e+04  3.038e+04  2.476e-07 
 -4.442e-12 -4.035e-17 -5.330e-07  2.476e-07  1.442e-09 
 PARAMETER  CORRELATION COEFFICIENTS  
       NO.  GLOBAL      1      2      3      4      5
        1  0.30723   1.000 -0.000 -0.269 -0.007 -0.000
        2  0.00007  -0.000  1.000  0.000 -0.000 -0.000
        3  0.53491  -0.269  0.000  1.000 -0.460 -0.000
        4  0.47995  -0.007 -0.000 -0.460  1.000  0.000
        5  0.00012  -0.000 -0.000 -0.000  0.000  1.000
 **********
 **   23 **HESSE        2500
 **********
 COVARIANCE MATRIX CALCULATED SUCCESSFULLY
 FCN=-122252 FROM HESSE     STATUS=OK             51 CALLS         253 TOTAL
                     EDM=1239.22    STRATEGY= 1      ERROR MATRIX ACCURATE 
  EXT PARAMETER                                INTERNAL      INTERNAL  
  NO.   NAME      VALUE            ERROR       STEP SIZE       VALUE   
   1  alphaP      -3.32331e-02   2.50652e-03   4.61988e-06  -6.64667e-03
   2  meanP       -9.13338e-02   1.85065e-04   1.28392e-04  -1.82678e-02
   3  nBkgP        2.60977e+03   1.52335e+02   1.40609e-04  -9.98213e-01
   4  nSigP        2.09343e+04   1.74379e+02   9.39832e-05   2.83391e-01
   5  sigmaP       1.37935e+00   4.17500e-04   8.15997e-04  -6.55022e-01
                               ERR DEF= 0.5
 EXTERNAL ERROR MATRIX.    NDIM=  25    NPAR=  5    ERR DEF=0.5
  6.283e-06 -3.728e-10 -9.822e-02 -6.579e-03 -5.532e-10 
 -3.728e-10  3.425e-08  7.968e-06 -3.281e-06 -5.994e-13 
 -9.822e-02  7.968e-06  2.321e+04 -1.223e+04 -6.466e-05 
 -6.579e-03 -3.281e-06 -1.223e+04  3.041e+04  3.039e-05 
 -5.532e-10 -5.994e-13 -6.466e-05  3.039e-05  1.743e-07 
 PARAMETER  CORRELATION COEFFICIENTS  
       NO.  GLOBAL      1      2      3      4      5
        1  0.29797   1.000 -0.001 -0.257 -0.015 -0.001
        2  0.00081  -0.001  1.000  0.000 -0.000 -0.000
        3  0.53089  -0.257  0.000  1.000 -0.460 -0.001
        4  0.48077  -0.015 -0.000 -0.460  1.000  0.000
        5  0.00132  -0.001 -0.000 -0.001  0.000  1.000
 **********
 **   13 **MIGRAD        2500           1
 **********
 FIRST CALL TO USER FUNCTION AT NEW START POINT, WITH IFLAG=4.
 START MIGRAD MINIMIZATION.  STRATEGY  1.  CONVERGENCE WHEN EDM .LT. 1.00e-03
 FCN=-187918 FROM MIGRAD    STATUS=INITIATE       41 CALLS          42 TOTAL
                     EDM= unknown      STRATEGY= 1      NO ERROR MATRIX       
  EXT PARAMETER               CURRENT GUESS       STEP         FIRST   
  NO.   NAME      VALUE            ERROR          SIZE      DERIVATIVE 
   1  alphaF       0.00000e+00   1.00000e+00   0.00000e+00  -1.11030e+05
   2  meanF        0.00000e+00   1.00000e+00   0.00000e+00   4.87870e+02
   3  nBkgF        3.54640e+03   1.77295e+03   0.00000e+00  -8.80796e+03
   4  nSigF        3.19176e+04   5.31955e+03   0.00000e+00  -2.16246e+02
   5  sigmaF       4.13749e+00   1.37935e-01   2.50166e+00  -2.96005e+01
                               ERR DEF= 0.5
 MINUIT WARNING IN MIGRAD  
 ============== Negative diagonal element 5 in Error Matrix
 MINUIT WARNING IN MIGRAD  
 ============== 1.03802 added to diagonal of error matrix
 MIGRAD FAILS TO FIND IMPROVEMENT
 MINUIT WARNING IN HESSE   
 ============== Negative diagonal element 5 in Error Matrix
 MINUIT WARNING IN HESSE   
 ============== 9.83834 added to diagonal of error matrix
 EIGENVALUES OF SECOND-DERIVATIVE MATRIX:
        -1.2712e+00  6.2314e-01  1.0489e+00  1.7918e+00  2.8075e+00
 MINUIT WARNING IN HESSE   
 ============== MATRIX FORCED POS-DEF BY ADDING 1.274037 TO DIAGONAL.
 FCN=-194445 FROM HESSE     STATUS=NOT POSDEF     31 CALLS         238 TOTAL
                     EDM=187832    STRATEGY= 1      ERR MATRIX NOT POS-DEF
  EXT PARAMETER                APPROXIMATE        STEP         FIRST   
  NO.   NAME      VALUE            ERROR          SIZE      DERIVATIVE 
   1  alphaF      -2.30991e-02   1.49023e-03   2.35279e-05  -8.49220e+03
   2  meanF        4.04822e-02   1.23907e-01   8.03976e-03   6.14172e+01
   3  nBkgF        3.60751e+04   1.84584e+03   3.16469e-03  -2.96035e+01
   4  nSigF        1.05744e+04   1.94125e+03   2.40920e-03   1.44670e+02
   5  sigmaF       3.63217e+00   1.62357e+00   1.02166e-01  -4.81101e+01
                               ERR DEF= 0.5
 MIGRAD MINIMIZATION HAS CONVERGED.
 MIGRAD WILL VERIFY CONVERGENCE AND ERROR MATRIX.
 COVARIANCE MATRIX CALCULATED SUCCESSFULLY
 FCN=-194494 FROM MIGRAD    STATUS=CONVERGED     401 CALLS         402 TOTAL
                     EDM=5.08596e-05    STRATEGY= 1      ERROR MATRIX ACCURATE 
  EXT PARAMETER                                   STEP         FIRST   
  NO.   NAME      VALUE            ERROR          SIZE      DERIVATIVE 
   1  alphaF      -2.25501e-02   3.94920e-04   2.26779e-05  -1.30285e+01
   2  meanF       -3.90833e-02   1.12516e-01   6.61954e-03   1.10696e-02
   3  nBkgF        3.77741e+04   3.62167e+02   3.25453e-03  -2.16342e-02
   4  nSigF        9.21091e+03   2.24747e+02   2.39527e-03  -4.78668e-02
   5  sigmaF       1.68394e+00   2.07081e-01   4.72654e-02  -3.95881e-02
                               ERR DEF= 0.5
 EXTERNAL ERROR MATRIX.    NDIM=  25    NPAR=  5    ERR DEF=0.5
  1.560e-07 -9.104e-06 -2.929e-02  1.006e-03 -9.481e-07 
 -9.104e-06  1.266e-02  4.844e+00 -2.964e+00 -3.410e-03 
 -2.929e-02  4.844e+00  1.312e+05 -5.445e+04 -2.698e+01 
  1.006e-03 -2.964e+00 -5.445e+04  5.051e+04  2.025e+01 
 -9.481e-07 -3.410e-03 -2.698e+01  2.025e+01  4.332e-02 
 PARAMETER  CORRELATION COEFFICIENTS  
       NO.  GLOBAL      1      2      3      4      5
        1  0.33336   1.000 -0.205 -0.205  0.011 -0.012
        2  0.25919  -0.205  1.000  0.119 -0.117 -0.146
        3  0.70198  -0.205  0.119  1.000 -0.669 -0.358
        4  0.70982   0.011 -0.117 -0.669  1.000  0.433
        5  0.45586  -0.012 -0.146 -0.358  0.433  1.000
 **********
 **   18 **HESSE        2500
 **********
 COVARIANCE MATRIX CALCULATED SUCCESSFULLY
 FCN=-194494 FROM HESSE     STATUS=OK             31 CALLS         433 TOTAL
                     EDM=5.07164e-05    STRATEGY= 1      ERROR MATRIX ACCURATE 
  EXT PARAMETER                                INTERNAL      INTERNAL  
  NO.   NAME      VALUE            ERROR       STEP SIZE       VALUE   
   1  alphaF      -2.25501e-02   3.94960e-04   4.53559e-06  -4.51004e-03
   2  meanF       -3.90833e-02   1.12597e-01   2.64782e-04  -7.81675e-03
   3  nBkgF        3.77741e+04   3.61922e+02   1.30181e-04   4.33645e-01
   4  nSigF        9.21091e+03   2.24253e+02   9.58110e-05  -7.12483e-01
   5  sigmaF       1.68394e+00   2.06415e-01   1.89062e-03   1.19009e+01
                               ERR DEF= 0.5
 EXTERNAL ERROR MATRIX.    NDIM=  25    NPAR=  5    ERR DEF=0.5
  1.560e-07 -9.127e-06 -2.937e-02  1.020e-03 -7.455e-07 
 -9.127e-06  1.268e-02  4.820e+00 -2.934e+00 -3.528e-03 
 -2.937e-02  4.820e+00  1.310e+05 -5.425e+04 -2.647e+01 
  1.020e-03 -2.934e+00 -5.425e+04  5.029e+04  1.980e+01 
 -7.455e-07 -3.528e-03 -2.647e+01  1.980e+01  4.304e-02 
 PARAMETER  CORRELATION COEFFICIENTS  
       NO.  GLOBAL      1      2      3      4      5
        1  0.33364   1.000 -0.205 -0.205  0.012 -0.009
        2  0.26180  -0.205  1.000  0.118 -0.116 -0.151
        3  0.70148  -0.205  0.118  1.000 -0.668 -0.352
        4  0.70828   0.012 -0.116 -0.668  1.000  0.426
        5  0.45018  -0.009 -0.151 -0.352  0.426  1.000
 **********
 **   23 **HESSE        2500
 **********
 COVARIANCE MATRIX CALCULATED SUCCESSFULLY
 FCN=-194494 FROM HESSE     STATUS=OK             31 CALLS         464 TOTAL
                     EDM=5.07113e-05    STRATEGY= 1      ERROR MATRIX ACCURATE 
  EXT PARAMETER                                INTERNAL      INTERNAL  
  NO.   NAME      VALUE            ERROR       STEP SIZE       VALUE   
   1  alphaF      -2.25501e-02   3.94966e-04   9.07118e-07  -4.51004e-03
   2  meanF       -3.90833e-02   1.12601e-01   5.29564e-05  -7.81675e-03
   3  nBkgF        3.77741e+04   3.61907e+02   2.60362e-05   4.33645e-01
   4  nSigF        9.21091e+03   2.24236e+02   1.91622e-05  -7.12483e-01
   5  sigmaF       1.68394e+00   2.06394e-01   3.78123e-04   1.19009e+01
                               ERR DEF= 0.5
 EXTERNAL ERROR MATRIX.    NDIM=  25    NPAR=  5    ERR DEF=0.5
  1.560e-07 -9.127e-06 -2.936e-02  1.004e-03 -7.477e-07 
 -9.127e-06  1.268e-02  4.819e+00 -2.933e+00 -3.532e-03 
 -2.936e-02  4.819e+00  1.310e+05 -5.424e+04 -2.645e+01 
  1.004e-03 -2.933e+00 -5.424e+04  5.028e+04  1.979e+01 
 -7.477e-07 -3.532e-03 -2.645e+01  1.979e+01  4.303e-02 
 PARAMETER  CORRELATION COEFFICIENTS  
       NO.  GLOBAL      1      2      3      4      5
        1  0.33367   1.000 -0.205 -0.205  0.011 -0.009
        2  0.26190  -0.205  1.000  0.118 -0.116 -0.151
        3  0.70145  -0.205  0.118  1.000 -0.668 -0.352
        4  0.70822   0.011 -0.116 -0.668  1.000  0.425
        5  0.44999  -0.009 -0.151 -0.352  0.425  1.000

RooWorkspace(w) w contents

variables
---------
(alphaF,alphaP,eff,meanF,meanP,nBkgF,nBkgP,nSigF,nSigP,sigmaF,sigmaP,x)

p.d.f.s
-------
RooExponential::bkgFail[ x=x c=alphaF ] = 1
RooExponential::bkgPass[ x=x c=alphaP ] = 1
RooAddPdf::pdfFail[ nSigF * sigFail + nBkgF * bkgFail ] = 7.36184
RooAddPdf::pdfPass[ nSigP * sigPass + nBkgP * bkgPass ] = 9.85862
RooFFTConvPdf::sigFail[ sigPhysFail(x) (*) sigResFail(x) ] = 0.0472432
RooFFTConvPdf::sigPass[ sigPhysPass(x) (*) sigResPass(x) ] = 0.0632881
RooHistPdf::sigPhysFail[ pdfObs=(x) ] = 62.8094
RooHistPdf::sigPhysPass[ pdfObs=(x) ] = 414.201
RooGaussian::sigResFail[ x=x mean=meanF sigma=sigmaF ] = 0
RooGaussian::sigResPass[ x=x mean=meanP sigma=sigmaP ] = 0

datasets
--------
RooDataHist::hPass(x)
RooDataHist::hFail(x)
RooDataHist::hGenZPass(x)
RooDataHist::hGenZFail(x)

embedded precalculated expensive components
-------------------------------------------
uid = 0 key=sigFail_sigPhysFail_CONV_sigResFail_CACHEHIST_Obs[x]_BufFrac0.1_BufStrat0 value=RooDataHist::sigFail_sigPhysFail_CONV_sigResFail_CACHEHIST_Obs[x]_BufFrac0.1_BufStrat0 parameters=( meanF=-0 sigmaF=0.9 )
uid = 1 key=sigPass_sigPhysPass_CONV_sigResPass_CACHEHIST_Obs[x]_BufFrac0.1_BufStrat0 value=RooDataHist::sigPass_sigPhysPass_CONV_sigResPass_CACHEHIST_Obs[x]_BufFrac0.1_BufStrat0 parameters=( meanP=-0 sigmaP=0.9 )
 title :  -  -2.000 < #eta_{SC} < -1.566 -  15.000 < probe_Pho_et < 20.000
 **********
 **   13 **MIGRAD        2500           1
 **********
 FIRST CALL TO USER FUNCTION AT NEW START POINT, WITH IFLAG=4.
 START MIGRAD MINIMIZATION.  STRATEGY  1.  CONVERGENCE WHEN EDM .LT. 1.00e-03
 FCN=-126835 FROM MIGRAD    STATUS=INITIATE       22 CALLS          23 TOTAL
                     EDM= unknown      STRATEGY= 1      NO ERROR MATRIX       
  EXT PARAMETER               CURRENT GUESS       STEP         FIRST   
  NO.   NAME      VALUE            ERROR          SIZE      DERIVATIVE 
   1  alphaP       0.00000e+00   1.00000e+00   2.01358e-01   3.91315e+04
   2  meanP        0.00000e+00   1.00000e+00   2.01358e-01   5.85749e+02
   3  nBkgP        2.27010e+03   1.13480e+03   1.38131e-01   1.77361e+02
   4  nSigP        2.04309e+04   3.40510e+03   2.05758e-01  -1.27499e+03
   5  sigmaP       9.00000e-01   2.00000e-01   1.61380e-01  -6.50006e+01
                               ERR DEF= 0.5
 MIGRAD MINIMIZATION HAS CONVERGED.
 MIGRAD WILL VERIFY CONVERGENCE AND ERROR MATRIX.
 COVARIANCE MATRIX CALCULATED SUCCESSFULLY
 FCN=-127048 FROM MIGRAD    STATUS=CONVERGED     149 CALLS         150 TOTAL
                     EDM=7.43082e-06    STRATEGY= 1      ERROR MATRIX ACCURATE 
  EXT PARAMETER                                   STEP         FIRST   
  NO.   NAME      VALUE            ERROR          SIZE      DERIVATIVE 
   1  alphaP      -3.62195e-02   2.44242e-03   1.10438e-04  -2.07372e+00
   2  meanP       -1.27930e-01   4.08525e-02   1.94975e-03   1.93611e-01
   3  nBkgP        2.77274e+03   1.65529e+02   3.51263e-03  -5.87937e-02
   4  nSigP        2.18910e+04   1.79860e+02   2.36446e-03   2.18739e-02
   5  sigmaP       1.42151e+00   8.62790e-02   1.10435e-02  -3.94013e-02
                               ERR DEF= 0.5
 EXTERNAL ERROR MATRIX.    NDIM=  25    NPAR=  5    ERR DEF=0.5
  5.965e-06 -1.420e-05 -1.286e-01  1.036e-02 -1.444e-05 
 -1.420e-05  1.669e-03  9.683e-01 -5.192e-01 -6.465e-04 
 -1.286e-01  9.683e-01  2.740e+04 -1.405e+04 -3.403e+00 
  1.036e-02 -5.192e-01 -1.405e+04  3.235e+04  2.285e+00 
 -1.444e-05 -6.465e-04 -3.403e+00  2.285e+00  7.450e-03 
 PARAMETER  CORRELATION COEFFICIENTS  
       NO.  GLOBAL      1      2      3      4      5
        1  0.39631   1.000 -0.142 -0.318  0.024 -0.068
        2  0.24635  -0.142  1.000  0.143 -0.071 -0.183
        3  0.59617  -0.318  0.143  1.000 -0.472 -0.238
        4  0.49087   0.024 -0.071 -0.472  1.000  0.147
        5  0.32877  -0.068 -0.183 -0.238  0.147  1.000
 **********
 **   18 **HESSE        2500
 **********
 COVARIANCE MATRIX CALCULATED SUCCESSFULLY
 FCN=-127048 FROM HESSE     STATUS=OK             31 CALLS         181 TOTAL
                     EDM=7.44945e-06    STRATEGY= 1      ERROR MATRIX ACCURATE 
  EXT PARAMETER                                INTERNAL      INTERNAL  
  NO.   NAME      VALUE            ERROR       STEP SIZE       VALUE   
   1  alphaP      -3.62195e-02   2.43287e-03   4.41753e-06  -7.24395e-03
   2  meanP       -1.27930e-01   4.08367e-02   3.89951e-04  -2.55888e-02
   3  nBkgP        2.77274e+03   1.64838e+02   1.40505e-04  -9.92090e-01
   4  nSigP        2.18910e+04   1.79888e+02   9.45782e-05   2.89789e-01
   5  sigmaP       1.42151e+00   8.62793e-02   4.41739e-04  -6.31603e-01
                               ERR DEF= 0.5
 EXTERNAL ERROR MATRIX.    NDIM=  25    NPAR=  5    ERR DEF=0.5
  5.919e-06 -1.387e-05 -1.227e-01  6.839e-03 -1.527e-05 
 -1.387e-05  1.668e-03  9.468e-01 -5.091e-01 -6.452e-04 
 -1.227e-01  9.468e-01  2.717e+04 -1.399e+04 -3.381e+00 
  6.839e-03 -5.091e-01 -1.399e+04  3.236e+04  2.285e+00 
 -1.527e-05 -6.452e-04 -3.381e+00  2.285e+00  7.450e-03 
 PARAMETER  CORRELATION COEFFICIENTS  
       NO.  GLOBAL      1      2      3      4      5
        1  0.38788   1.000 -0.140 -0.306  0.016 -0.073
        2  0.24487  -0.140  1.000  0.141 -0.069 -0.183
        3  0.59161  -0.306  0.141  1.000 -0.472 -0.238
        4  0.49111   0.016 -0.069 -0.472  1.000  0.147
        5  0.32874  -0.073 -0.183 -0.238  0.147  1.000
 **********
 **   23 **HESSE        2500
 **********
 COVARIANCE MATRIX CALCULATED SUCCESSFULLY
 FCN=-127048 FROM HESSE     STATUS=OK             31 CALLS         212 TOTAL
                     EDM=7.4514e-06    STRATEGY= 1      ERROR MATRIX ACCURATE 
  EXT PARAMETER                                INTERNAL      INTERNAL  
  NO.   NAME      VALUE            ERROR       STEP SIZE       VALUE   
   1  alphaP      -3.62195e-02   2.43259e-03   8.83507e-07  -7.24395e-03
   2  meanP       -1.27930e-01   4.08372e-02   7.79901e-05  -2.55888e-02
   3  nBkgP        2.77274e+03   1.64817e+02   2.81010e-05  -9.92090e-01
   4  nSigP        2.18910e+04   1.79888e+02   1.89156e-05   2.89789e-01
   5  sigmaP       1.42151e+00   8.62818e-02   8.83477e-05  -6.31603e-01
                               ERR DEF= 0.5
 EXTERNAL ERROR MATRIX.    NDIM=  25    NPAR=  5    ERR DEF=0.5
  5.917e-06 -1.386e-05 -1.225e-01  6.724e-03 -1.529e-05 
 -1.386e-05  1.668e-03  9.461e-01 -5.087e-01 -6.457e-04 
 -1.225e-01  9.461e-01  2.717e+04 -1.399e+04 -3.380e+00 
  6.724e-03 -5.087e-01 -1.399e+04  3.236e+04  2.285e+00 
 -1.529e-05 -6.457e-04 -3.380e+00  2.285e+00  7.450e-03 
 PARAMETER  CORRELATION COEFFICIENTS  
       NO.  GLOBAL      1      2      3      4      5
        1  0.38762   1.000 -0.140 -0.306  0.015 -0.073
        2  0.24493  -0.140  1.000  0.141 -0.069 -0.183
        3  0.59146  -0.306  0.141  1.000 -0.472 -0.238
        4  0.49112   0.015 -0.069 -0.472  1.000  0.147
        5  0.32882  -0.073 -0.183 -0.238  0.147  1.000
 **********
 **   13 **MIGRAD        2500           1
 **********
 FIRST CALL TO USER FUNCTION AT NEW START POINT, WITH IFLAG=4.
 START MIGRAD MINIMIZATION.  STRATEGY  1.  CONVERGENCE WHEN EDM .LT. 1.00e-03
 FCN=-207706 FROM MIGRAD    STATUS=INITIATE       42 CALLS          43 TOTAL
                     EDM= unknown      STRATEGY= 1      NO ERROR MATRIX       
  EXT PARAMETER               CURRENT GUESS       STEP         FIRST   
  NO.   NAME      VALUE            ERROR          SIZE      DERIVATIVE 
   1  alphaF       0.00000e+00   1.00000e+00   0.00000e+00  -1.52120e+05
   2  meanF        0.00000e+00   1.00000e+00   0.00000e+00   6.79127e+02
   3  nBkgF        3.82830e+03   1.91390e+03   0.00000e+00  -9.06994e+03
   4  nSigF        3.44547e+04   5.74240e+03   0.00000e+00  -5.58682e+02
   5  sigmaF       4.26175e+00   1.42151e-01   2.46935e+00  -4.96729e+01
                               ERR DEF= 0.5
 MIGRAD FAILS TO FIND IMPROVEMENT
 MIGRAD MINIMIZATION HAS CONVERGED.
 MIGRAD WILL VERIFY CONVERGENCE AND ERROR MATRIX.
 COVARIANCE MATRIX CALCULATED SUCCESSFULLY
 FCN=-213560 FROM MIGRAD    STATUS=CONVERGED     348 CALLS         349 TOTAL
                     EDM=5.4052e-05    STRATEGY= 1      ERROR MATRIX ACCURATE 
  EXT PARAMETER                                   STEP         FIRST   
  NO.   NAME      VALUE            ERROR          SIZE      DERIVATIVE 
   1  alphaF      -2.58676e-02   3.95312e-04   2.30108e-05   4.30528e+01
   2  meanF       -3.03833e-01   1.45085e-01   8.83316e-03   5.03455e-02
   3  nBkgF        4.12129e+04   4.11275e+02   3.38721e-03   8.85261e-02
   4  nSigF        1.02512e+04   2.55981e+02   2.53654e-03  -4.19641e-01
   5  sigmaF       1.46260e+00   2.43808e-01   7.79220e-02   7.22005e-03
                               ERR DEF= 0.5
 EXTERNAL ERROR MATRIX.    NDIM=  25    NPAR=  5    ERR DEF=0.5
  1.563e-07  1.573e-05 -4.477e-02  8.615e-03  3.691e-07 
  1.573e-05  2.106e-02 -7.113e+00  4.358e+00 -4.047e-03 
 -4.477e-02 -7.113e+00  1.692e+05 -7.484e+04  2.546e+01 
  8.615e-03  4.358e+00 -7.484e+04  6.553e+04 -1.863e+01 
  3.691e-07 -4.047e-03  2.546e+01 -1.863e+01  6.078e-02 
 PARAMETER  CORRELATION COEFFICIENTS  
       NO.  GLOBAL      1      2      3      4      5
        1  0.41012   1.000  0.274 -0.275  0.085  0.004
        2  0.30613   0.274  1.000 -0.119  0.117 -0.113
        3  0.74499  -0.275 -0.119  1.000 -0.711  0.251
        4  0.73060   0.085  0.117 -0.711  1.000 -0.295
        5  0.31866   0.004 -0.113  0.251 -0.295  1.000
 **********
 **   18 **HESSE        2500
 **********
 COVARIANCE MATRIX CALCULATED SUCCESSFULLY
 FCN=-213560 FROM HESSE     STATUS=OK             31 CALLS         380 TOTAL
                     EDM=5.54345e-05    STRATEGY= 1      ERROR MATRIX ACCURATE 
  EXT PARAMETER                                INTERNAL      INTERNAL  
  NO.   NAME      VALUE            ERROR       STEP SIZE       VALUE   
   1  alphaF      -2.58676e-02   3.95397e-04   4.60215e-06  -5.17354e-03
   2  meanF       -3.03833e-01   1.45111e-01   3.53326e-04  -3.08079e+00
   3  nBkgF        4.12129e+04   4.14054e+02   1.35488e-04   4.50452e-01
   4  nSigF        1.02512e+04   2.58143e+02   5.07307e-04  -6.98384e-01
   5  sigmaF       1.46260e+00   2.45196e-01   3.11688e-03   4.05551e+00
                               ERR DEF= 0.5
 EXTERNAL ERROR MATRIX.    NDIM=  25    NPAR=  5    ERR DEF=0.5
  1.563e-07  1.574e-05 -4.479e-02  8.586e-03  6.781e-07 
  1.574e-05  2.106e-02 -7.370e+00  4.540e+00 -4.040e-03 
 -4.479e-02 -7.370e+00  1.715e+05 -7.646e+04  2.728e+01 
  8.586e-03  4.540e+00 -7.646e+04  6.664e+04 -1.997e+01 
  6.781e-07 -4.040e-03  2.728e+01 -1.997e+01  6.149e-02 
 PARAMETER  CORRELATION COEFFICIENTS  
       NO.  GLOBAL      1      2      3      4      5
        1  0.41056   1.000  0.274 -0.274  0.084  0.007
        2  0.30670   0.274  1.000 -0.123  0.121 -0.112
        3  0.74898  -0.274 -0.123  1.000 -0.715  0.266
        4  0.73590   0.084  0.121 -0.715  1.000 -0.312
        5  0.33469   0.007 -0.112  0.266 -0.312  1.000
 **********
 **   23 **HESSE        2500
 **********
 COVARIANCE MATRIX CALCULATED SUCCESSFULLY
 FCN=-213560 FROM HESSE     STATUS=OK             31 CALLS         411 TOTAL
                     EDM=5.54989e-05    STRATEGY= 1      ERROR MATRIX ACCURATE 
  EXT PARAMETER                                INTERNAL      INTERNAL  
  NO.   NAME      VALUE            ERROR       STEP SIZE       VALUE   
   1  alphaF      -2.58676e-02   3.95399e-04   9.20430e-07  -5.17354e-03
   2  meanF       -3.03833e-01   1.45112e-01   7.06652e-05  -3.08079e+00
   3  nBkgF        4.12129e+04   4.14161e+02   2.70977e-05   4.50452e-01
   4  nSigF        1.02512e+04   2.58229e+02   1.01461e-04  -6.98384e-01
   5  sigmaF       1.46260e+00   2.45242e-01   6.23376e-04   4.05551e+00
                               ERR DEF= 0.5
 EXTERNAL ERROR MATRIX.    NDIM=  25    NPAR=  5    ERR DEF=0.5
  1.563e-07  1.574e-05 -4.477e-02  8.559e-03  6.997e-07 
  1.574e-05  2.106e-02 -7.375e+00  4.542e+00 -4.038e-03 
 -4.477e-02 -7.375e+00  1.715e+05 -7.652e+04  2.734e+01 
  8.559e-03  4.542e+00 -7.652e+04  6.669e+04 -2.001e+01 
  6.997e-07 -4.038e-03  2.734e+01 -2.001e+01  6.151e-02 
 PARAMETER  CORRELATION COEFFICIENTS  
       NO.  GLOBAL      1      2      3      4      5
        1  0.41056   1.000  0.274 -0.273  0.084  0.007
        2  0.30671   0.274  1.000 -0.123  0.121 -0.112
        3  0.74913  -0.273 -0.123  1.000 -0.715  0.266
        4  0.73611   0.084  0.121 -0.715  1.000 -0.312
        5  0.33519   0.007 -0.112  0.266 -0.312  1.000

RooWorkspace(w) w contents

variables
---------
(alphaF,alphaP,eff,meanF,meanP,nBkgF,nBkgP,nSigF,nSigP,sigmaF,sigmaP,x)

p.d.f.s
-------
RooExponential::bkgFail[ x=x c=alphaF ] = 1
RooExponential::bkgPass[ x=x c=alphaP ] = 1
RooAddPdf::pdfFail[ nSigF * sigFail + nBkgF * bkgFail ] = 1.43566
RooAddPdf::pdfPass[ nSigP * sigPass + nBkgP * bkgPass ] = 5.04149
RooFFTConvPdf::sigFail[ sigPhysFail(x) (*) sigResFail(x) ] = 0.00885117
RooFFTConvPdf::sigPass[ sigPhysPass(x) (*) sigResPass(x) ] = 0.0325978
RooHistPdf::sigPhysFail[ pdfObs=(x) ] = 8.0532
RooHistPdf::sigPhysPass[ pdfObs=(x) ] = 57.5455
RooGaussian::sigResFail[ x=x mean=meanF sigma=sigmaF ] = 0
RooGaussian::sigResPass[ x=x mean=meanP sigma=sigmaP ] = 0

datasets
--------
RooDataHist::hPass(x)
RooDataHist::hFail(x)
RooDataHist::hGenZPass(x)
RooDataHist::hGenZFail(x)

embedded precalculated expensive components
-------------------------------------------
uid = 0 key=sigFail_sigPhysFail_CONV_sigResFail_CACHEHIST_Obs[x]_BufFrac0.1_BufStrat0 value=RooDataHist::sigFail_sigPhysFail_CONV_sigResFail_CACHEHIST_Obs[x]_BufFrac0.1_BufStrat0 parameters=( meanF=-0 sigmaF=0.9 )
uid = 1 key=sigPass_sigPhysPass_CONV_sigResPass_CACHEHIST_Obs[x]_BufFrac0.1_BufStrat0 value=RooDataHist::sigPass_sigPhysPass_CONV_sigResPass_CACHEHIST_Obs[x]_BufFrac0.1_BufStrat0 parameters=( meanP=-0 sigmaP=0.9 )
 title :  -  -1.566 < #eta_{SC} < -1.444 -  15.000 < probe_Pho_et < 20.000
 **********
 **   13 **MIGRAD        2500           1
 **********
 FIRST CALL TO USER FUNCTION AT NEW START POINT, WITH IFLAG=4.
 START MIGRAD MINIMIZATION.  STRATEGY  1.  CONVERGENCE WHEN EDM .LT. 1.00e-03
 FCN=-29424.4 FROM MIGRAD    STATUS=INITIATE       22 CALLS          23 TOTAL
                     EDM= unknown      STRATEGY= 1      NO ERROR MATRIX       
  EXT PARAMETER               CURRENT GUESS       STEP         FIRST   
  NO.   NAME      VALUE            ERROR          SIZE      DERIVATIVE 
   1  alphaP       0.00000e+00   1.00000e+00   2.01358e-01   1.29630e+04
   2  meanP        0.00000e+00   1.00000e+00   2.01358e-01   2.09467e+02
   3  nBkgP        7.00400e+02   3.49950e+02   1.38097e-01   1.61756e+02
   4  nSigP        6.30360e+03   1.05055e+03   2.05757e-01  -6.26682e+02
   5  sigmaP       9.00000e-01   2.00000e-01   1.61380e-01  -3.50150e+01
                               ERR DEF= 0.5
 MIGRAD MINIMIZATION HAS CONVERGED.
 MIGRAD WILL VERIFY CONVERGENCE AND ERROR MATRIX.
 COVARIANCE MATRIX CALCULATED SUCCESSFULLY
 FCN=-29554.6 FROM MIGRAD    STATUS=CONVERGED     184 CALLS         185 TOTAL
                     EDM=3.80698e-06    STRATEGY= 1      ERROR MATRIX ACCURATE 
  EXT PARAMETER                                   STEP         FIRST   
  NO.   NAME      VALUE            ERROR          SIZE      DERIVATIVE 
   1  alphaP      -1.12457e-02   2.08876e-02   1.32155e-04  -1.25504e+00
   2  meanP       -1.05033e+00   1.38363e-01   3.07793e-03   2.20250e-02
   3  nBkgP        3.42794e+02   2.01253e+02   3.16473e-03  -3.67949e-02
   4  nSigP        7.48632e+03   1.77664e+02   2.31033e-03   4.93301e-02
   5  sigmaP       1.99609e+00   1.99685e-01   9.82338e-03  -7.42563e-03
                               ERR DEF= 0.5
 EXTERNAL ERROR MATRIX.    NDIM=  25    NPAR=  5    ERR DEF=0.5
  4.363e-04 -6.502e-04 -4.050e+00  3.064e+00  1.405e-03 
 -6.502e-04  1.915e-02  5.248e+00 -5.584e+00 -9.159e-03 
 -4.050e+00  5.248e+00  4.066e+04 -3.049e+04 -1.515e+01 
  3.064e+00 -5.584e+00 -3.049e+04  3.158e+04  1.209e+01 
  1.405e-03 -9.159e-03 -1.515e+01  1.209e+01  3.999e-02 
 PARAMETER  CORRELATION COEFFICIENTS  
       NO.  GLOBAL      1      2      3      4      5
        1  0.96357   1.000 -0.225 -0.962  0.825  0.336
        2  0.40154  -0.225  1.000  0.188 -0.227 -0.331
        3  0.96923  -0.962  0.188  1.000 -0.851 -0.376
        4  0.85372   0.825 -0.227 -0.851  1.000  0.340
        5  0.47975   0.336 -0.331 -0.376  0.340  1.000
 **********
 **   18 **HESSE        2500
 **********
 COVARIANCE MATRIX CALCULATED SUCCESSFULLY
 FCN=-29554.6 FROM HESSE     STATUS=OK             31 CALLS         216 TOTAL
                     EDM=3.82552e-06    STRATEGY= 1      ERROR MATRIX ACCURATE 
  EXT PARAMETER                                INTERNAL      INTERNAL  
  NO.   NAME      VALUE            ERROR       STEP SIZE       VALUE   
   1  alphaP      -1.12457e-02   1.73747e-02   5.28619e-06  -2.24913e-03
   2  meanP       -1.05033e+00   1.37472e-01   6.15585e-04  -2.11643e-01
   3  nBkgP        3.42794e+02   1.67486e+02   1.26589e-04  -1.20779e+00
   4  nSigP        7.48632e+03   1.55988e+02   9.24133e-05   4.39098e-01
   5  sigmaP       1.99609e+00   1.95554e-01   3.92935e-04  -3.41679e-01
                               ERR DEF= 0.5
 EXTERNAL ERROR MATRIX.    NDIM=  25    NPAR=  5    ERR DEF=0.5
  3.019e-04 -4.665e-04 -2.751e+00  2.076e+00  9.307e-04 
 -4.665e-04  1.890e-02  3.460e+00 -4.224e+00 -8.501e-03 
 -2.751e+00  3.460e+00  2.813e+04 -2.096e+04 -1.060e+01 
  2.076e+00 -4.224e+00 -2.096e+04  2.434e+04  8.629e+00 
  9.307e-04 -8.501e-03 -1.060e+01  8.629e+00  3.835e-02 
 PARAMETER  CORRELATION COEFFICIENTS  
       NO.  GLOBAL      1      2      3      4      5
        1  0.94690   1.000 -0.195 -0.944  0.766  0.274
        2  0.38771  -0.195  1.000  0.150 -0.197 -0.316
        3  0.95519  -0.944  0.150  1.000 -0.801 -0.323
        4  0.80511   0.766 -0.197 -0.801  1.000  0.282
        5  0.44405   0.274 -0.316 -0.323  0.282  1.000
 **********
 **   23 **HESSE        2500
 **********
 COVARIANCE MATRIX CALCULATED SUCCESSFULLY
 FCN=-29554.6 FROM HESSE     STATUS=OK             31 CALLS         247 TOTAL
                     EDM=3.82632e-06    STRATEGY= 1      ERROR MATRIX ACCURATE 
  EXT PARAMETER                                INTERNAL      INTERNAL  
  NO.   NAME      VALUE            ERROR       STEP SIZE       VALUE   
   1  alphaP      -1.12457e-02   1.72862e-02   1.05724e-06  -2.24913e-03
   2  meanP       -1.05033e+00   1.37451e-01   1.23117e-04  -2.11643e-01
   3  nBkgP        3.42794e+02   1.66636e+02   2.53178e-05  -1.20779e+00
   4  nSigP        7.48632e+03   1.55458e+02   1.84827e-05   4.39098e-01
   5  sigmaP       1.99609e+00   1.95461e-01   7.85871e-05  -3.41679e-01
                               ERR DEF= 0.5
 EXTERNAL ERROR MATRIX.    NDIM=  25    NPAR=  5    ERR DEF=0.5
  2.988e-04 -4.620e-04 -2.721e+00  2.053e+00  9.199e-04 
 -4.620e-04  1.890e-02  3.416e+00 -4.191e+00 -8.487e-03 
 -2.721e+00  3.416e+00  2.784e+04 -2.075e+04 -1.050e+01 
  2.053e+00 -4.191e+00 -2.075e+04  2.418e+04  8.550e+00 
  9.199e-04 -8.487e-03 -1.050e+01  8.550e+00  3.831e-02 
 PARAMETER  CORRELATION COEFFICIENTS  
       NO.  GLOBAL      1      2      3      4      5
        1  0.94634   1.000 -0.194 -0.943  0.764  0.272
        2  0.38739  -0.194  1.000  0.149 -0.196 -0.315
        3  0.95472  -0.943  0.149  1.000 -0.800 -0.321
        4  0.80362   0.764 -0.196 -0.800  1.000  0.281
        5  0.44320   0.272 -0.315 -0.321  0.281  1.000
 **********
 **   13 **MIGRAD        2500           1
 **********
 FIRST CALL TO USER FUNCTION AT NEW START POINT, WITH IFLAG=4.
 START MIGRAD MINIMIZATION.  STRATEGY  1.  CONVERGENCE WHEN EDM .LT. 1.00e-03
 FCN=-27885.6 FROM MIGRAD    STATUS=INITIATE       39 CALLS          40 TOTAL
                     EDM= unknown      STRATEGY= 1      NO ERROR MATRIX       
  EXT PARAMETER               CURRENT GUESS       STEP         FIRST   
  NO.   NAME      VALUE            ERROR          SIZE      DERIVATIVE 
   1  alphaF       0.00000e+00   1.00000e+00   0.00000e+00  -3.51691e+04
   2  meanF        0.00000e+00   1.00000e+00   0.00000e+00  -2.32591e+02
   3  nBkgF        7.07500e+02   3.53500e+02   0.00000e+00  -1.60883e+03
   4  nSigF        6.36750e+03   1.06120e+03   0.00000e+00  -7.63636e+02
   5  sigmaF       5.98819e+00   1.99609e-01   2.53790e+00   6.05540e-01
                               ERR DEF= 0.5
 MIGRAD MINIMIZATION HAS CONVERGED.
 MIGRAD WILL VERIFY CONVERGENCE AND ERROR MATRIX.
 MINUIT WARNING IN HESSE   
 ============== Negative diagonal element 2 in Error Matrix
 MINUIT WARNING IN HESSE   
 ============== 17.634 added to diagonal of error matrix
 COVARIANCE MATRIX CALCULATED SUCCESSFULLY
 FCN=-28300.1 FROM HESSE     STATUS=OK             33 CALLS         245 TOTAL
                     EDM=0.0084458    STRATEGY= 1      ERROR MATRIX ACCURATE 
  EXT PARAMETER                                   STEP         FIRST   
  NO.   NAME      VALUE            ERROR          SIZE      DERIVATIVE 
   1  alphaF      -2.29949e-02   3.01817e-03   2.36949e-05   4.61200e+01
   2  meanF       -4.99985e+00   6.15580e+00   2.84455e-02  -1.28446e-01
   3  nBkgF        5.44937e+03   4.96489e+02   2.46686e-03  -5.17881e-02
   4  nSigF        4.58838e+03   4.22683e+02   2.45228e-03  -2.89804e-01
   5  sigmaF       5.98828e+00   5.12102e-02   5.97615e-02  -7.08457e-03
                               ERR DEF= 0.5
 MINUIT WARNING IN MIGRAD  
 ============== Negative diagonal element 2 in Error Matrix
 MINUIT WARNING IN MIGRAD  
 ============== 13.8609 added to diagonal of error matrix
 MIGRAD FAILS TO FIND IMPROVEMENT
 MIGRAD TERMINATED WITHOUT CONVERGENCE.
 FCN=-28301.9 FROM MIGRAD    STATUS=FAILED        276 CALLS         277 TOTAL
                     EDM=0.827932    STRATEGY= 1  ERROR MATRIX UNCERTAINTY  28.6 per cent
  EXT PARAMETER                APPROXIMATE        STEP         FIRST   
  NO.   NAME      VALUE            ERROR          SIZE      DERIVATIVE 
   1  alphaF      -2.30986e-02   6.19666e+00  -0.00000e+00   2.41053e+03
   2  meanF       -3.94699e+00   1.99400e+00  -0.00000e+00  -5.97196e-02
   3  nBkgF        5.45150e+03   6.73055e+03  -0.00000e+00   5.90660e+01
   4  nSigF        4.58040e+03   5.90361e+03  -0.00000e+00   5.03961e+01
   5  sigmaF       5.98828e+00   4.25700e+00  -0.00000e+00** at limit **
                               ERR DEF= 0.5
 EXTERNAL ERROR MATRIX.    NDIM=  25    NPAR=  5    ERR DEF=0.5
  1.733e+02  3.902e-03 -1.399e+00  1.160e+00  6.517e-10 
  3.902e-03  4.711e+00 -1.371e+02  3.158e+02 -1.823e-05 
 -1.399e+00 -1.371e+02  1.952e+08 -2.042e+05  1.161e-04 
  1.160e+00  3.158e+02 -2.042e+05  1.916e+08 -7.894e-05 
  6.517e-10 -1.823e-05  1.161e-04 -7.894e-05  6.281e-07 
ERR MATRIX APPROXIMATE
 PARAMETER  CORRELATION COEFFICIENTS  
       NO.  GLOBAL      1      2      3      4      5
        1  0.00014   1.000  0.000 -0.000  0.000  0.000
        2  0.01559   0.000  1.000 -0.005  0.011 -0.011
        3  0.00463  -0.000 -0.005  1.000 -0.001  0.000
        4  0.01056   0.000  0.011 -0.001  1.000 -0.000
        5  0.01060   0.000 -0.011  0.000 -0.000  1.000
 ERR MATRIX APPROXIMATE
 **********
 **   18 **HESSE        2500
 **********
 COVARIANCE MATRIX CALCULATED SUCCESSFULLY
 FCN=-28301.9 FROM HESSE     STATUS=OK             33 CALLS         310 TOTAL
                     EDM=3.40143    STRATEGY= 1      ERROR MATRIX ACCURATE 
  EXT PARAMETER                                INTERNAL      INTERNAL  
  NO.   NAME      VALUE            ERROR       STEP SIZE       VALUE   
   1  alphaF      -2.30986e-02   5.34126e-03   2.36849e-05  -4.61973e-03
   2  meanF       -3.94699e+00   7.80785e-01   2.07906e-02  -9.09828e-01
   3  nBkgF        5.45150e+03   8.92971e+02   2.51080e-03   2.73310e-02
   4  nSigF        4.58040e+03   7.39444e+02   2.45223e-03  -1.37276e-01
