===> settings etc/config/settings_pho.py <===
import etc.config.settings_pho as tnpConf
[?1034h
[1mRooFit v3.60 -- Developed by Wouter Verkerke and David Kirkby[0m 
                Copyright (C) 2000-2013 NIKHEF, University of California & Stanford University
                All rights reserved, please read http://roofit.sourceforge.net/license.txt

===>  Output directory: 
results/Moriond17/tnpPhoID_Winter17MC//passingMVA80Xwp80/
**** name: DY_madgraph_Winter17                                                                                 
  path    :  ['eos/cms/store/group/phys_egamma/tnp/80X/PhoEleIDs/Moriond17_v1/mc/TnPTree_DYJetsToLL_M-50_TuneCUETP8M1_13TeV-madgraphMLM-pythia8_DYToLL_madgraph_Moriond17.root']
  tnpTree :  GsfElectronToPhoID
   --- MC sample --- 
  nEvts    :  48652793
  mcTruth  :  True
  puTree   :  eos/cms/store/group/phys_egamma/tnp/80X/pu/Winter17/DY_madgraph_Winter17_pho.pu.puTree.root
  weight   :  weights_2016_runGH.totWeight

RooWorkspace(w) w contents

variables
---------
(acmsF,acmsP,alphaF,alphaP,betaF,betaP,eff,gammaF,gammaP,meanF,meanP,nBkgF,nBkgP,nF,nP,nSigF,nSigP,peakF,peakP,sigmaF,sigmaF_2,sigmaP,sigmaP_2,sosF,sosP,x)

p.d.f.s
-------
RooCMSShape::bkgFail[ x=x alpha=acmsF beta=betaF gamma=gammaF peak=peakF ] = 1.91031
RooCMSShape::bkgPass[ x=x alpha=acmsP beta=betaP gamma=gammaP peak=peakP ] = 1.91031
RooAddPdf::pdfFail[ nSigF * sigFail + nBkgF * bkgFail ] = 17.3771
RooAddPdf::pdfPass[ nSigP * sigPass + nBkgP * bkgPass ] = 19.9371
RooFFTConvPdf::sigFail[ sigPhysFail(x) (*) sigResFail(x) ] = 0.111321
RooFFTConvPdf::sigPass[ sigPhysPass(x) (*) sigResPass(x) ] = 0.127775
RooHistPdf::sigPhysFail[ pdfObs=(x) ] = 35600
RooHistPdf::sigPhysPass[ pdfObs=(x) ] = 35600
RooCBExGaussShape::sigResFail[ m=x  m0=meanF  sigma=sigResFail_3  alpha=alphaF  n=nF  sigma_2=sigResFail_6 ] = 0
RooCBExGaussShape::sigResPass[ m=x  m0=meanP  sigma=sigResPass_3  alpha=alphaP  n=nP  sigma_2=sigResPass_6 ] = 0

functions
--------
RooFormulaVar::sigResFail_3[ actualVars=(sigmaF,sosF) formula="sqrt(sigmaF*sigmaF+sosF*sosF)" ] = 2.23607
RooFormulaVar::sigResFail_6[ actualVars=(sigmaF_2,sosF) formula="sqrt(sigmaF_2*sigmaF_2+sosF*sosF)" ] = 2.23607
RooFormulaVar::sigResPass_3[ actualVars=(sigmaP,sosP) formula="sqrt(sigmaP*sigmaP+sosP*sosP)" ] = 1.41421
RooFormulaVar::sigResPass_6[ actualVars=(sigmaP_2,sosP) formula="sqrt(sigmaP_2*sigmaP_2+sosP*sosP)" ] = 1.80278

datasets
--------
RooDataHist::hPass(x)
RooDataHist::hFail(x)
RooDataHist::hGenZPass(x)
RooDataHist::hGenZFail(x)

embedded precalculated expensive components
-------------------------------------------
uid = 0 key=sigFail_sigPhysFail_CONV_sigResFail_CACHEHIST_Obs[x]_BufFrac0.1_BufStrat0 value=RooDataHist::sigFail_sigPhysFail_CONV_sigResFail_CACHEHIST_Obs[x]_BufFrac0.1_BufStrat0 parameters=( alphaF=2 meanF=-0 nF=3 sigmaF=2 sigmaF_2=2 sosF=1 )
uid = 1 key=sigPass_sigPhysPass_CONV_sigResPass_CACHEHIST_Obs[x]_BufFrac0.1_BufStrat0 value=RooDataHist::sigPass_sigPhysPass_CONV_sigResPass_CACHEHIST_Obs[x]_BufFrac0.1_BufStrat0 parameters=( alphaP=2 meanP=-0 nP=3 sigmaP=1 sigmaP_2=1.5 sosP=1 )
 title :  -  -2.500 < #eta_{SC} < -2.000 -  15.000 < probe_Pho_et < 20.000
 **********
 **   13 **MIGRAD        3000           1
 **********
 FIRST CALL TO USER FUNCTION AT NEW START POINT, WITH IFLAG=4.
 START MIGRAD MINIMIZATION.  STRATEGY  1.  CONVERGENCE WHEN EDM .LT. 1.00e-03
 FCN=-18344.9 FROM MIGRAD    STATUS=INITIATE      119 CALLS         120 TOTAL
                     EDM= unknown      STRATEGY= 1      NO ERROR MATRIX       
  EXT PARAMETER               CURRENT GUESS       STEP         FIRST   
  NO.   NAME      VALUE            ERROR          SIZE      DERIVATIVE 
   1  alphaP       1.75961e+00   2.30000e-01   1.01532e+00   2.67025e+01
   2  meanP        0.00000e+00   1.00000e+00   0.00000e+00   1.11377e+03
   3  nP           9.16992e-01   4.95000e-01   0.00000e+00  -7.02516e+00
   4  nSigP        4.12514e+03   6.87474e+02   0.00000e+00  -3.65883e+02
   5  sigmaP       3.31193e+00   1.50000e-01   0.00000e+00  -2.82374e+02
   6  sigmaP_2     1.50000e+00   5.00000e-01   0.00000e+00   3.43216e+02
                               ERR DEF= 0.5
 MIGRAD MINIMIZATION HAS CONVERGED.
 MIGRAD WILL VERIFY CONVERGENCE AND ERROR MATRIX.
 COVARIANCE MATRIX CALCULATED SUCCESSFULLY
 FCN=-18490.7 FROM MIGRAD    STATUS=CONVERGED     357 CALLS         358 TOTAL
                     EDM=1.02176e-05    STRATEGY= 1      ERROR MATRIX ACCURATE 
  EXT PARAMETER                                   STEP         FIRST   
  NO.   NAME      VALUE            ERROR          SIZE      DERIVATIVE 
   1  alphaP       2.24551e+00   1.31880e-01   2.75048e-03  -1.86268e-02
   2  meanP       -6.75942e-01   3.18542e-01   1.17266e-03   6.77445e-02
   3  nP           3.73757e-01   1.44585e-01   2.89763e-03  -1.25526e-02
   4  nSigP        4.62138e+03   7.15448e+01   2.02713e-03   4.11172e-02
   5  sigmaP       3.47078e+00   2.44692e-01   3.39122e-03   1.94843e-02
   6  sigmaP_2     1.05538e+00   3.26230e-01   4.81944e-03   3.66630e-02
                               ERR DEF= 0.5
 EXTERNAL ERROR MATRIX.    NDIM=  26    NPAR=  6    ERR DEF=0.5
  1.747e-02  1.001e-02 -1.833e-02  1.358e+00  1.169e-02 -9.314e-03 
  1.001e-02  1.016e-01 -5.649e-03  2.575e-01  6.874e-02 -9.978e-02 
 -1.833e-02 -5.649e-03  2.100e-02 -1.929e+00 -9.076e-03  4.407e-03 
  1.358e+00  2.575e-01 -1.929e+00  5.120e+03  3.928e-01 -2.164e-01 
  1.169e-02  6.874e-02 -9.076e-03  3.928e-01  6.005e-02 -6.207e-02 
 -9.314e-03 -9.978e-02  4.407e-03 -2.164e-01 -6.207e-02  1.078e-01 
 PARAMETER  CORRELATION COEFFICIENTS  
       NO.  GLOBAL      1      2      3      4      5      6
        1  0.96722   1.000  0.238 -0.957  0.144  0.361 -0.215
        2  0.98099   0.238  1.000 -0.122  0.011  0.880 -0.953
        3  0.96544  -0.957 -0.122  1.000 -0.186 -0.256  0.093
        4  0.22649   0.144  0.011 -0.186  1.000  0.022 -0.009
        5  0.92075   0.361  0.880 -0.256  0.022  1.000 -0.771
        6  0.96573  -0.215 -0.953  0.093 -0.009 -0.771  1.000
 **********
 **   18 **HESSE        3000
 **********
 COVARIANCE MATRIX CALCULATED SUCCESSFULLY
 FCN=-18490.7 FROM HESSE     STATUS=OK             40 CALLS         398 TOTAL
                     EDM=1.00179e-05    STRATEGY= 1      ERROR MATRIX ACCURATE 
  EXT PARAMETER                                INTERNAL      INTERNAL  
  NO.   NAME      VALUE            ERROR       STEP SIZE       VALUE   
   1  alphaP       2.24551e+00   1.56800e-01   1.10019e-04  -9.09894e-02
   2  meanP       -6.75942e-01   3.14435e-01   2.34532e-04  -1.35604e-01
   3  nP           3.73757e-01   1.71824e-01   1.15905e-04  -1.05356e+00
   4  nSigP        4.62138e+03   7.19793e+01   8.10853e-05   3.51501e-01
   5  sigmaP       3.47078e+00   2.48255e-01   1.35649e-04   4.55933e-02
   6  sigmaP_2     1.05538e+00   3.20378e-01   1.92777e-04  -9.24040e-01
                               ERR DEF= 0.5
 EXTERNAL ERROR MATRIX.    NDIM=  26    NPAR=  6    ERR DEF=0.5
  2.474e-02  1.334e-02 -2.630e-02  2.032e+00  1.623e-02 -1.213e-02 
  1.334e-02  9.900e-02 -9.569e-03  5.848e-01  6.868e-02 -9.652e-02 
 -2.630e-02 -9.569e-03  2.972e-02 -2.666e+00 -1.420e-02  7.780e-03 
  2.032e+00  5.848e-01 -2.666e+00  5.182e+03  8.228e-01 -4.977e-01 
  1.623e-02  6.868e-02 -1.420e-02  8.228e-01  6.181e-02 -6.143e-02 
 -1.213e-02 -9.652e-02  7.780e-03 -4.977e-01 -6.143e-02  1.039e-01 
 PARAMETER  CORRELATION COEFFICIENTS  
       NO.  GLOBAL      1      2      3      4      5      6
        1  0.97697   1.000  0.270 -0.970  0.179  0.415 -0.239
        2  0.98049   0.270  1.000 -0.176  0.026  0.878 -0.951
        3  0.97570  -0.970 -0.176  1.000 -0.215 -0.331  0.140
        4  0.25043   0.179  0.026 -0.215  1.000  0.046 -0.021
        5  0.92311   0.415  0.878 -0.331  0.046  1.000 -0.766
        6  0.96443  -0.239 -0.951  0.140 -0.021 -0.766  1.000
 **********
 **   23 **HESSE        3000
 **********
 COVARIANCE MATRIX CALCULATED SUCCESSFULLY
 FCN=-19914.2 FROM HESSE     STATUS=OK             54 CALLS         452 TOTAL
                     EDM=0.103916    STRATEGY= 1      ERROR MATRIX ACCURATE 
  EXT PARAMETER                                INTERNAL      INTERNAL  
  NO.   NAME      VALUE            ERROR       STEP SIZE       VALUE   
   1  alphaP       2.24551e+00   1.33419e-01   2.24439e-03  -9.09894e-02
   2  meanP       -6.75942e-01   3.38716e-01   4.78445e-03  -1.35604e-01
   3  nP           3.73757e-01   1.45577e-01   2.36447e-03  -1.05356e+00
   4  nSigP        4.62138e+03   6.90283e+01   1.65414e-03   3.51501e-01
   5  sigmaP       3.47078e+00   2.55221e-01   2.76724e-03   4.55933e-02
   6  sigmaP_2     1.05538e+00   3.49156e-01   3.93266e-03  -9.24040e-01
                               ERR DEF= 0.5
 EXTERNAL ERROR MATRIX.    NDIM=  26    NPAR=  6    ERR DEF=0.5
  1.788e-02  1.231e-02 -1.872e-02  1.403e+00  1.331e-02 -1.170e-02 
  1.231e-02  1.149e-01 -7.421e-03  3.896e-01  7.765e-02 -1.146e-01 
 -1.872e-02 -7.421e-03  2.129e-02 -1.941e+00 -1.039e-02  6.214e-03 
  1.403e+00  3.896e-01 -1.941e+00  4.766e+03  5.087e-01 -3.448e-01 
  1.331e-02  7.765e-02 -1.039e-02  5.087e-01  6.534e-02 -7.221e-02 
 -1.170e-02 -1.146e-01  6.214e-03 -3.448e-01 -7.221e-02  1.238e-01 
 PARAMETER  CORRELATION COEFFICIENTS  
       NO.  GLOBAL      1      2      3      4      5      6
        1  0.97037   1.000  0.272 -0.959  0.152  0.389 -0.249
        2  0.98441   0.272  1.000 -0.150  0.017  0.896 -0.961
        3  0.96844  -0.959 -0.150  1.000 -0.193 -0.278  0.121
        4  0.23190   0.152  0.017 -0.193  1.000  0.029 -0.014
        5  0.93235   0.389  0.896 -0.278  0.029  1.000 -0.803
        6  0.97180  -0.249 -0.961  0.121 -0.014 -0.803  1.000
 **********
 **   13 **MIGRAD        3000           1
 **********
 FIRST CALL TO USER FUNCTION AT NEW START POINT, WITH IFLAG=4.
 START MIGRAD MINIMIZATION.  STRATEGY  1.  CONVERGENCE WHEN EDM .LT. 1.00e-03
 FCN=-8395.52 FROM MIGRAD    STATUS=INITIATE       69 CALLS          70 TOTAL
                     EDM= unknown      STRATEGY= 1      NO ERROR MATRIX       
  EXT PARAMETER               CURRENT GUESS       STEP         FIRST   
  NO.   NAME      VALUE            ERROR          SIZE      DERIVATIVE 
   1  alphaF       1.20001e+00   2.30000e-01   0.00000e+00   1.35986e-01
   2  meanF        0.00000e+00   1.00000e+00   0.00000e+00   2.70737e+02
   3  nF           1.15158e+00   4.95000e-01  -7.81378e-01   2.81045e+01
   4  nSigF        2.35261e+03   3.92052e+02   0.00000e+00  -2.20637e+02
   5  sigmaF       3.47078e+00   3.47078e-01   0.00000e+00  -5.76054e+01
   6  sigmaF_2     2.00000e+00   5.50000e-01   0.00000e+00   8.43637e+01
                               ERR DEF= 0.5
 MIGRAD MINIMIZATION HAS CONVERGED.
 MIGRAD WILL VERIFY CONVERGENCE AND ERROR MATRIX.
 COVARIANCE MATRIX CALCULATED SUCCESSFULLY
 FCN=-8443.67 FROM MIGRAD    STATUS=CONVERGED     487 CALLS         488 TOTAL
                     EDM=9.9176e-07    STRATEGY= 1      ERROR MATRIX ACCURATE 
  EXT PARAMETER                                   STEP         FIRST   
  NO.   NAME      VALUE            ERROR          SIZE      DERIVATIVE 
   1  alphaF       1.90699e+00   1.70679e-01   2.04836e-03   2.50982e-03
   2  meanF       -1.58978e+00   4.44291e-01   1.47174e-03   1.68809e-02
   3  nF           2.25709e-01   1.36253e-01   1.91979e-03   4.19226e-03
   4  nSigF        2.70351e+03   5.71574e+01   1.89518e-03  -1.45002e-02
   5  sigmaF       3.48519e+00   4.59569e-01   5.10555e-03   7.09877e-03
   6  sigmaF_2     2.80487e+00   3.01483e-01   2.55796e-03   5.07021e-03
                               ERR DEF= 0.5
 EXTERNAL ERROR MATRIX.    NDIM=  26    NPAR=  6    ERR DEF=0.5
  2.939e-02  2.145e-02 -2.286e-02  2.257e+00 -3.523e-02 -1.248e-02 
  2.145e-02  1.980e-01 -1.341e-02  1.012e+00 -1.810e-01 -1.221e-01 
 -2.286e-02 -1.341e-02  1.870e-02 -2.122e+00  2.494e-02  6.768e-03 
  2.257e+00  1.012e+00 -2.122e+00  3.268e+03 -1.832e+00 -5.558e-01 
 -3.523e-02 -1.810e-01  2.494e-02 -1.832e+00  2.143e-01  1.000e-01 
 -1.248e-02 -1.221e-01  6.768e-03 -5.558e-01  1.000e-01  9.127e-02 
 PARAMETER  CORRELATION COEFFICIENTS  
       NO.  GLOBAL      1      2      3      4      5      6
        1  0.97983   1.000  0.281 -0.975  0.230 -0.444 -0.241
        2  0.96897   0.281  1.000 -0.220  0.040 -0.879 -0.909
        3  0.97926  -0.975 -0.220  1.000 -0.271  0.394  0.164
        4  0.31858   0.230  0.040 -0.271  1.000 -0.069 -0.032
        5  0.92278  -0.444 -0.879  0.394 -0.069  1.000  0.715
        6  0.93214  -0.241 -0.909  0.164 -0.032  0.715  1.000
 **********
 **   18 **HESSE        3000
 **********
 COVARIANCE MATRIX CALCULATED SUCCESSFULLY
 FCN=-8443.67 FROM HESSE     STATUS=OK             40 CALLS         528 TOTAL
                     EDM=1.06859e-06    STRATEGY= 1      ERROR MATRIX ACCURATE 
  EXT PARAMETER                                INTERNAL      INTERNAL  
  NO.   NAME      VALUE            ERROR       STEP SIZE       VALUE   
   1  alphaF       1.90699e+00   1.82728e-01   8.19343e-05  -3.95450e-01
   2  meanF       -1.58978e+00   4.48047e-01   2.94347e-04  -3.23572e-01
   3  nF           2.25709e-01   1.45804e-01   3.83958e-04  -1.19172e+00
   4  nSigF        2.70351e+03   5.74270e+01   7.58071e-05   3.88611e-01
   5  sigmaF       3.48519e+00   4.67258e-01   2.04222e-04  -2.18989e+00
   6  sigmaF_2     2.80487e+00   3.03850e-01   1.02318e-04  -1.62580e-01
                               ERR DEF= 0.5
 EXTERNAL ERROR MATRIX.    NDIM=  26    NPAR=  6    ERR DEF=0.5
  3.372e-02  2.528e-02 -2.631e-02  2.624e+00 -4.130e-02 -1.458e-02 
  2.528e-02  2.013e-01 -1.645e-02  1.344e+00 -1.856e-01 -1.243e-01 
 -2.631e-02 -1.645e-02  2.144e-02 -2.413e+00  2.979e-02  8.430e-03 
  2.624e+00  1.344e+00 -2.413e+00  3.299e+03 -2.357e+00 -7.364e-01 
 -4.130e-02 -1.856e-01  2.979e-02 -2.357e+00  2.216e-01  1.028e-01 
 -1.458e-02 -1.243e-01  8.430e-03 -7.364e-01  1.028e-01  9.271e-02 
 PARAMETER  CORRELATION COEFFICIENTS  
       NO.  GLOBAL      1      2      3      4      5      6
        1  0.98245   1.000  0.307 -0.978  0.249 -0.478 -0.261
        2  0.96950   0.307  1.000 -0.250  0.052 -0.879 -0.910
        3  0.98194  -0.978 -0.250  1.000 -0.287  0.432  0.189
        4  0.33153   0.249  0.052 -0.287  1.000 -0.087 -0.042
        5  0.92544  -0.478 -0.879  0.432 -0.087  1.000  0.717
        6  0.93324  -0.261 -0.910  0.189 -0.042  0.717  1.000
 **********
 **   23 **HESSE        3000
 **********
 COVARIANCE MATRIX CALCULATED SUCCESSFULLY
 FCN=-9153.8 FROM HESSE     STATUS=OK             54 CALLS         582 TOTAL
                     EDM=0.326322    STRATEGY= 1      ERROR MATRIX ACCURATE 
  EXT PARAMETER                                INTERNAL      INTERNAL  
  NO.   NAME      VALUE            ERROR       STEP SIZE       VALUE   
   1  alphaF       1.90699e+00   1.85044e-01   1.67146e-03  -3.95450e-01
   2  meanF       -1.58978e+00   4.60432e-01   6.00468e-03  -3.23572e-01
   3  nF           2.25709e-01   1.47019e-01   7.83274e-03  -1.19172e+00
   4  nSigF        2.70351e+03   5.52794e+01   1.54646e-03   3.88611e-01
   5  sigmaF       3.48519e+00   4.82728e-01   4.16613e-03  -2.18989e+00
   6  sigmaF_2     2.80487e+00   3.07192e-01   2.08729e-03  -1.62580e-01
                               ERR DEF= 0.5
 EXTERNAL ERROR MATRIX.    NDIM=  26    NPAR=  6    ERR DEF=0.5
  3.459e-02  3.084e-02 -2.692e-02  2.653e+00 -4.686e-02 -1.803e-02 
  3.084e-02  2.127e-01 -2.074e-02  1.738e+00 -2.009e-01 -1.305e-01 
 -2.692e-02 -2.074e-02  2.180e-02 -2.404e+00  3.398e-02  1.118e-02 
  2.653e+00  1.738e+00 -2.404e+00  3.057e+03 -2.753e+00 -9.857e-01 
 -4.686e-02 -2.009e-01  3.398e-02 -2.753e+00  2.368e-01  1.124e-01 
 -1.803e-02 -1.305e-01  1.118e-02 -9.857e-01  1.124e-01  9.477e-02 
 PARAMETER  CORRELATION COEFFICIENTS  
       NO.  GLOBAL      1      2      3      4      5      6
        1  0.98414   1.000  0.360 -0.980  0.258 -0.518 -0.315
        2  0.97330   0.360  1.000 -0.305  0.068 -0.895 -0.919
        3  0.98354  -0.980 -0.305  1.000 -0.294  0.473  0.246
        4  0.33823   0.258  0.068 -0.294  1.000 -0.102 -0.058
        5  0.93609  -0.518 -0.895  0.473 -0.102  1.000  0.750
        6  0.93968  -0.315 -0.919  0.246 -0.058  0.750  1.000

RooWorkspace(w) w contents

variables
---------
(acmsF,acmsP,alphaF,alphaP,betaF,betaP,eff,gammaF,gammaP,meanF,meanP,nBkgF,nBkgP,nF,nP,nSigF,nSigP,peakF,peakP,sigmaF,sigmaF_2,sigmaP,sigmaP_2,sosF,sosP,x)

p.d.f.s
-------
RooCMSShape::bkgFail[ x=x alpha=acmsF beta=betaF gamma=gammaF peak=peakF ] = 1.91031
RooCMSShape::bkgPass[ x=x alpha=acmsP beta=betaP gamma=gammaP peak=peakP ] = 1.91031
RooAddPdf::pdfFail[ nSigF * sigFail + nBkgF * bkgFail ] = 17.3771
RooAddPdf::pdfPass[ nSigP * sigPass + nBkgP * bkgPass ] = 19.9371
RooFFTConvPdf::sigFail[ sigPhysFail(x) (*) sigResFail(x) ] = 0.111321
RooFFTConvPdf::sigPass[ sigPhysPass(x) (*) sigResPass(x) ] = 0.127775
RooHistPdf::sigPhysFail[ pdfObs=(x) ] = 35600
RooHistPdf::sigPhysPass[ pdfObs=(x) ] = 35600
RooCBExGaussShape::sigResFail[ m=x  m0=meanF  sigma=sigResFail_3  alpha=alphaF  n=nF  sigma_2=sigResFail_6 ] = 0
RooCBExGaussShape::sigResPass[ m=x  m0=meanP  sigma=sigResPass_3  alpha=alphaP  n=nP  sigma_2=sigResPass_6 ] = 0

functions
--------
RooFormulaVar::sigResFail_3[ actualVars=(sigmaF,sosF) formula="sqrt(sigmaF*sigmaF+sosF*sosF)" ] = 2.23607
RooFormulaVar::sigResFail_6[ actualVars=(sigmaF_2,sosF) formula="sqrt(sigmaF_2*sigmaF_2+sosF*sosF)" ] = 2.23607
RooFormulaVar::sigResPass_3[ actualVars=(sigmaP,sosP) formula="sqrt(sigmaP*sigmaP+sosP*sosP)" ] = 1.41421
RooFormulaVar::sigResPass_6[ actualVars=(sigmaP_2,sosP) formula="sqrt(sigmaP_2*sigmaP_2+sosP*sosP)" ] = 1.80278

datasets
--------
RooDataHist::hPass(x)
RooDataHist::hFail(x)
RooDataHist::hGenZPass(x)
RooDataHist::hGenZFail(x)

embedded precalculated expensive components
-------------------------------------------
uid = 0 key=sigFail_sigPhysFail_CONV_sigResFail_CACHEHIST_Obs[x]_BufFrac0.1_BufStrat0 value=RooDataHist::sigFail_sigPhysFail_CONV_sigResFail_CACHEHIST_Obs[x]_BufFrac0.1_BufStrat0 parameters=( alphaF=2 meanF=-0 nF=3 sigmaF=2 sigmaF_2=2 sosF=1 )
uid = 1 key=sigPass_sigPhysPass_CONV_sigResPass_CACHEHIST_Obs[x]_BufFrac0.1_BufStrat0 value=RooDataHist::sigPass_sigPhysPass_CONV_sigResPass_CACHEHIST_Obs[x]_BufFrac0.1_BufStrat0 parameters=( alphaP=2 meanP=-0 nP=3 sigmaP=1 sigmaP_2=1.5 sosP=1 )
 title :  -  -2.000 < #eta_{SC} < -1.566 -  15.000 < probe_Pho_et < 20.000
 **********
 **   13 **MIGRAD        3000           1
 **********
 FIRST CALL TO USER FUNCTION AT NEW START POINT, WITH IFLAG=4.
 START MIGRAD MINIMIZATION.  STRATEGY  1.  CONVERGENCE WHEN EDM .LT. 1.00e-03
 FCN=-18850.7 FROM MIGRAD    STATUS=INITIATE      121 CALLS         122 TOTAL
                     EDM= unknown      STRATEGY= 1      NO ERROR MATRIX       
  EXT PARAMETER               CURRENT GUESS       STEP         FIRST   
  NO.   NAME      VALUE            ERROR          SIZE      DERIVATIVE 
   1  alphaP       1.90701e+00   2.30000e-01   1.15454e+00   5.06758e+01
   2  meanP        0.00000e+00   1.00000e+00   0.00000e+00   9.64387e+02
   3  nP           7.03592e-01   4.95000e-01   0.00000e+00  -3.62489e+00
   4  nSigP        4.30613e+03   7.17639e+02   0.00000e+00  -3.75834e+02
   5  sigmaP       4.48014e+00   1.50000e-01   0.00000e+00  -2.58216e+02
   6  sigmaP_2     1.50000e+00   5.00000e-01   0.00000e+00   2.65726e+02
                               ERR DEF= 0.5
 MIGRAD FAILS TO FIND IMPROVEMENT
 EIGENVALUES OF SECOND-DERIVATIVE MATRIX:
        -1.1852e+00  8.9337e-01  9.5824e-01  1.0238e+00  1.3814e+00  2.9283e+00
 MINUIT WARNING IN HESSE   
 ============== MATRIX FORCED POS-DEF BY ADDING 1.188084 TO DIAGONAL.
 FCN=-18987 FROM HESSE     STATUS=NOT POSDEF     44 CALLS         447 TOTAL
                     EDM=0.00783639    STRATEGY= 1      ERR MATRIX NOT POS-DEF
  EXT PARAMETER                APPROXIMATE        STEP         FIRST   
  NO.   NAME      VALUE            ERROR          SIZE      DERIVATIVE 
   1  alphaP       1.86566e+00   4.56336e-01   3.41673e-03  -6.49595e-01
   2  meanP       -1.77476e+00   1.92605e-02   5.01000e-04   3.26125e+00
   3  nP           7.71164e-01   4.60623e-01   3.58684e-03  -7.41667e-01
   4  nSigP        4.77783e+03   4.94465e+01   1.98707e-03  -6.14862e-01
   5  sigmaP       4.12512e+00   1.23698e+00   4.22921e-03  -4.49396e-01
   6  sigmaP_2     2.14276e+00   1.69364e-02   1.02618e-03   8.94386e-02
                               ERR DEF= 0.5
 MIGRAD FAILS TO FIND IMPROVEMENT
 MIGRAD TERMINATED WITHOUT CONVERGENCE.
 FCN=-18987 FROM MIGRAD    STATUS=FAILED        494 CALLS         495 TOTAL
                     EDM=0.226837    STRATEGY= 1      ERR MATRIX NOT POS-DEF
  EXT PARAMETER                APPROXIMATE        STEP         FIRST   
  NO.   NAME      VALUE            ERROR          SIZE      DERIVATIVE 
   1  alphaP       1.86530e+00   3.72017e-02  -0.00000e+00  -9.19004e-02
   2  meanP       -1.77491e+00   8.72484e-03   0.00000e+00  -1.87240e+01
   3  nP           7.74001e-01   8.43240e-02   0.00000e+00  -3.27837e-02
   4  nSigP        4.77865e+03   5.04724e+01   0.00000e+00   2.16929e-01
   5  sigmaP       4.12818e+00   1.07145e-01   0.00000e+00  -1.81709e-02
   6  sigmaP_2     2.14278e+00   9.11926e-03   0.00000e+00  -1.01811e+01
                               ERR DEF= 0.5
 EXTERNAL ERROR MATRIX.    NDIM=  26    NPAR=  6    ERR DEF=0.5
  1.385e-03 -2.275e-05 -1.967e-03 -8.773e-02 -2.577e-03 -1.341e-05 
 -2.275e-05  7.612e-05 -4.324e-05 -7.069e-03 -1.524e-06 -5.795e-05 
 -1.967e-03 -4.324e-05  7.116e-03  7.411e-01  6.833e-03  1.305e-04 
 -8.773e-02 -7.069e-03  7.411e-01  2.548e+03  8.747e-01  5.643e-02 
 -2.577e-03 -1.524e-06  6.833e-03  8.747e-01  1.149e-02  1.245e-04 
 -1.341e-05 -5.795e-05  1.305e-04  5.643e-02  1.245e-04  8.316e-05 
ERR MATRIX NOT POS-DEF
 PARAMETER  CORRELATION COEFFICIENTS  
       NO.  GLOBAL      1      2      3      4      5      6
        1  0.68989   1.000 -0.070 -0.627 -0.047 -0.646 -0.040
        2  0.73928  -0.070  1.000 -0.059 -0.016 -0.002 -0.728
        3  0.78432  -0.627 -0.059  1.000  0.174  0.756  0.170
        4  0.24360  -0.047 -0.016  0.174  1.000  0.162  0.123
        5  0.78991  -0.646 -0.002  0.756  0.162  1.000  0.127
        6  0.74604  -0.040 -0.728  0.170  0.123  0.127  1.000
 ERR MATRIX NOT POS-DEF
 **********
 **   18 **HESSE        3000
 **********
 EIGENVALUES OF SECOND-DERIVATIVE MATRIX:
        -1.1947e+00  8.9356e-01  9.5861e-01  1.0238e+00  1.3811e+00  2.9375e+00
 MINUIT WARNING IN HESSE   
 ============== MATRIX FORCED POS-DEF BY ADDING 1.197609 TO DIAGONAL.
 FCN=-18987 FROM HESSE     STATUS=NOT POSDEF     48 CALLS         543 TOTAL
                     EDM=0.00115647    STRATEGY= 1      ERR MATRIX NOT POS-DEF
  EXT PARAMETER                APPROXIMATE     INTERNAL      INTERNAL  
  NO.   NAME      VALUE            ERROR       STEP SIZE       VALUE   
   1  alphaP       1.86530e+00   4.56311e-01   3.42490e-03  -4.35071e-01
   2  meanP       -1.77491e+00   1.90973e-02   5.00449e-04  -3.62895e-01
   3  nP           7.74001e-01   4.61020e-01   3.58664e-03  -7.85918e-01
   4  nSigP        4.77865e+03   4.93610e+01   1.98706e-03   3.38033e-01
   5  sigmaP       4.12818e+00   1.23671e+00   4.22128e-03   2.98045e-01
   6  sigmaP_2     2.14278e+00   1.67239e-02   1.02127e-03  -4.14385e-01
                               ERR DEF= 0.5
 EXTERNAL ERROR MATRIX.    NDIM=  26    NPAR=  6    ERR DEF=0.5
  2.231e-01 -7.467e-03 -2.193e-01 -5.746e+00 -6.091e-01 -5.572e-03 
 -7.467e-03  3.647e-04  7.340e-03  1.925e-01  2.045e-02  1.846e-04 
 -2.193e-01  7.340e-03  2.177e-01  5.486e+00  5.993e-01  5.473e-03 
 -5.746e+00  1.925e-01  5.486e+00  2.437e+03  1.568e+01  1.433e-01 
 -6.091e-01  2.045e-02  5.993e-01  1.568e+01  1.669e+00  1.526e-02 
 -5.572e-03  1.846e-04  5.473e-03  1.433e-01  1.526e-02  2.797e-04 
ERR MATRIX NOT POS-DEF
 PARAMETER  CORRELATION COEFFICIENTS  
       NO.  GLOBAL      1      2      3      4      5      6
        1  0.99856   1.000 -0.828 -0.995 -0.246 -0.998 -0.705
        2  0.82891  -0.828  1.000  0.824  0.204  0.829  0.578
        3  0.99541  -0.995  0.824  1.000  0.238  0.994  0.701
        4  0.25724  -0.246  0.204  0.238  1.000  0.246  0.174
        5  0.99828  -0.998  0.829  0.994  0.246  1.000  0.706
        6  0.70638  -0.705  0.578  0.701  0.174  0.706  1.000
 ERR MATRIX NOT POS-DEF
 **********
 **   23 **HESSE        3000
 **********
 COVARIANCE MATRIX CALCULATED SUCCESSFULLY
 FCN=-20448.6 FROM HESSE     STATUS=OK             76 CALLS         619 TOTAL
                     EDM=0.584438    STRATEGY= 1      ERROR MATRIX ACCURATE 
  EXT PARAMETER                                INTERNAL      INTERNAL  
  NO.   NAME      VALUE            ERROR       STEP SIZE       VALUE   
   1  alphaP       1.86530e+00   5.29904e-02   6.98679e-02  -4.35071e-01
   2  meanP       -1.77491e+00   1.90924e-01   4.81006e-02  -3.62895e-01
   3  nP           7.74001e-01   9.05014e-02   1.08670e-01  -7.85918e-01
   4  nSigP        4.77865e+03   6.88605e+01   4.05360e-02   3.38033e-01
   5  sigmaP       4.12818e+00   1.82472e-01   1.24759e-01   2.98045e-01
   6  sigmaP_2     2.14278e+00   1.56564e-01   9.53315e-02  -4.14385e-01
                               ERR DEF= 0.5
 EXTERNAL ERROR MATRIX.    NDIM=  26    NPAR=  6    ERR DEF=0.5
  2.810e-03  5.124e-04 -3.091e-03 -6.927e-02  1.973e-03 -4.663e-04 
  5.124e-04  3.647e-02  2.403e-03 -1.269e-02  2.515e-02 -2.514e-02 
 -3.091e-03  2.403e-03  8.198e-03 -5.986e-01  2.095e-03 -1.575e-03 
 -6.927e-02 -1.269e-02 -5.986e-01  4.742e+03 -3.235e-01 -4.543e-02 
  1.973e-03  2.515e-02  2.095e-03 -3.235e-01  3.335e-02 -1.301e-02 
 -4.663e-04 -2.514e-02 -1.575e-03 -4.543e-02 -1.301e-02  2.454e-02 
 PARAMETER  CORRELATION COEFFICIENTS  
       NO.  GLOBAL      1      2      3      4      5      6
        1  0.72811   1.000  0.051 -0.644 -0.019  0.204 -0.056
        2  0.92698   0.051  1.000  0.139 -0.001  0.721 -0.840
        3  0.71071  -0.644  0.139  1.000 -0.096  0.127 -0.111
        4  0.14736  -0.019 -0.001 -0.096  1.000 -0.026 -0.004
        5  0.81381   0.204  0.721  0.127 -0.026  1.000 -0.455
        6  0.87363  -0.056 -0.840 -0.111 -0.004 -0.455  1.000
 **********
 **   13 **MIGRAD        3000           1
 **********
 FIRST CALL TO USER FUNCTION AT NEW START POINT, WITH IFLAG=4.
 START MIGRAD MINIMIZATION.  STRATEGY  1.  CONVERGENCE WHEN EDM .LT. 1.00e-03
 FCN=-8086.05 FROM MIGRAD    STATUS=INITIATE       93 CALLS          94 TOTAL
                     EDM= unknown      STRATEGY= 1      NO ERROR MATRIX       
  EXT PARAMETER               CURRENT GUESS       STEP         FIRST   
  NO.   NAME      VALUE            ERROR          SIZE      DERIVATIVE 
   1  alphaF       1.25788e+00   2.30000e-01   3.08977e-01  -7.15868e-01
   2  meanF        0.00000e+00   1.00000e+00   0.00000e+00   3.72634e+02
   3  nF           5.35739e-01   4.95000e-01   0.00000e+00  -1.09146e+02
   4  nSigF        2.36611e+03   3.94301e+02   0.00000e+00  -2.79539e+02
   5  sigmaF       4.12818e+00   4.12818e-01   0.00000e+00  -9.24755e+01
   6  sigmaF_2     2.00000e+00   5.50000e-01   0.00000e+00   1.07811e+02
                               ERR DEF= 0.5
 MIGRAD MINIMIZATION HAS CONVERGED.
 MIGRAD WILL VERIFY CONVERGENCE AND ERROR MATRIX.
 COVARIANCE MATRIX CALCULATED SUCCESSFULLY
 FCN=-8188.09 FROM MIGRAD    STATUS=CONVERGED     339 CALLS         340 TOTAL
                     EDM=0.000137402    STRATEGY= 1      ERROR MATRIX ACCURATE 
  EXT PARAMETER                                   STEP         FIRST   
  NO.   NAME      VALUE            ERROR          SIZE      DERIVATIVE 
   1  alphaF       1.45027e+00   2.23996e-01   3.38167e-03  -8.97430e-02
   2  meanF       -3.01479e+00   6.35530e-01   2.11534e-03  -5.99362e-02
   3  nF           4.56874e-01   2.18052e-01   1.96767e-03  -1.10762e-01
   4  nSigF        2.70986e+03   5.88956e+01   1.86064e-03  -2.59684e-01
   5  sigmaF       4.10231e+00   8.22202e-01   5.86160e-03   4.57314e-02
   6  sigmaF_2     3.56884e+00   4.13371e-01   2.96145e-03  -6.02344e-02
                               ERR DEF= 0.5
 EXTERNAL ERROR MATRIX.    NDIM=  26    NPAR=  6    ERR DEF=0.5
  5.190e-02  6.962e-02 -4.817e-02  3.924e+00  1.321e-01 -3.887e-02 
  6.962e-02  4.074e-01 -4.685e-02  3.368e+00  4.724e-01 -2.462e-01 
 -4.817e-02 -4.685e-02  4.796e-02 -4.410e+00 -1.023e-01  2.434e-02 
  3.924e+00  3.368e+00 -4.410e+00  3.470e+03  7.173e+00 -1.831e+00 
  1.321e-01  4.724e-01 -1.023e-01  7.173e+00  7.004e-01 -2.603e-01 
 -3.887e-02 -2.462e-01  2.434e-02 -1.831e+00 -2.603e-01  1.722e-01 
 PARAMETER  CORRELATION COEFFICIENTS  
       NO.  GLOBAL      1      2      3      4      5      6
        1  0.98542   1.000  0.479 -0.966  0.292  0.693 -0.411
        2  0.97733   0.479  1.000 -0.335  0.090  0.884 -0.929
        3  0.98080  -0.966 -0.335  1.000 -0.342 -0.558  0.268
        4  0.38275   0.292  0.090 -0.342  1.000  0.145 -0.075
        5  0.95685   0.693  0.884 -0.558  0.145  1.000 -0.750
        6  0.95006  -0.411 -0.929  0.268 -0.075 -0.750  1.000
 **********
 **   18 **HESSE        3000
 **********
 COVARIANCE MATRIX CALCULATED SUCCESSFULLY
 FCN=-8188.09 FROM HESSE     STATUS=OK             40 CALLS         380 TOTAL
                     EDM=0.000137985    STRATEGY= 1      ERROR MATRIX ACCURATE 
  EXT PARAMETER                                INTERNAL      INTERNAL  
  NO.   NAME      VALUE            ERROR       STEP SIZE       VALUE   
   1  alphaF       1.45027e+00   2.26209e-01   6.76335e-04  -8.98462e-01
   2  meanF       -3.01479e+00   6.29217e-01   4.23067e-04  -6.47203e-01
   3  nF           4.56874e-01   2.20728e-01   3.93534e-04  -9.89236e-01
   4  nSigF        2.70986e+03   5.90353e+01   3.72128e-04   3.83601e-01
   5  sigmaF       4.10231e+00   8.13976e-01   2.34464e-04   5.31497e+00
   6  sigmaF_2     3.56884e+00   4.12031e-01   5.92290e-04   1.16203e-01
                               ERR DEF= 0.5
 EXTERNAL ERROR MATRIX.    NDIM=  26    NPAR=  6    ERR DEF=0.5
  5.297e-02  6.920e-02 -4.932e-02  4.072e+00  1.326e-01 -3.870e-02 
  6.920e-02  3.992e-01 -4.700e-02  3.472e+00  4.606e-01 -2.428e-01 
 -4.932e-02 -4.700e-02  4.915e-02 -4.557e+00 -1.037e-01  2.441e-02 
  4.072e+00  3.472e+00 -4.557e+00  3.486e+03  7.449e+00 -1.884e+00 
  1.326e-01  4.606e-01 -1.037e-01  7.449e+00  6.859e-01 -2.549e-01 
 -3.870e-02 -2.428e-01  2.441e-02 -1.884e+00 -2.549e-01  1.711e-01 
 PARAMETER  CORRELATION COEFFICIENTS  
       NO.  GLOBAL      1      2      3      4      5      6
        1  0.98572   1.000  0.476 -0.967  0.300  0.696 -0.406
        2  0.97686   0.476  1.000 -0.336  0.093  0.880 -0.929
        3  0.98127  -0.967 -0.336  1.000 -0.348 -0.565  0.266
        4  0.38798   0.300  0.093 -0.348  1.000  0.152 -0.077
        5  0.95592   0.696  0.880 -0.565  0.152  1.000 -0.744
        6  0.94973  -0.406 -0.929  0.266 -0.077 -0.744  1.000
 **********
 **   23 **HESSE        3000
 **********
 EIGENVALUES OF SECOND-DERIVATIVE MATRIX:
        -1.3980e-03  4.0448e-02  4.4239e-01  9.0842e-01  1.4967e+00  3.1135e+00
 MINUIT WARNING IN HESSE   
 ============== MATRIX FORCED POS-DEF BY ADDING 0.004511 TO DIAGONAL.
 FCN=-8852.98 FROM HESSE     STATUS=NOT POSDEF     54 CALLS         434 TOTAL
                     EDM=0.581664    STRATEGY= 1      ERR MATRIX NOT POS-DEF
  EXT PARAMETER                APPROXIMATE     INTERNAL      INTERNAL  
  NO.   NAME      VALUE            ERROR       STEP SIZE       VALUE   
   1  alphaF       1.45027e+00   4.09317e-01   1.37972e-02  -8.98462e-01
   2  meanF       -3.01479e+00   9.82858e-01   8.63058e-03  -6.47203e-01
   3  nF           4.56874e-01   3.71805e-01   8.02809e-03  -9.89236e-01
   4  nSigF        2.70986e+03   5.96204e+01   7.59141e-03   3.83601e-01
   5  sigmaF       4.10231e+00   1.58540e+00   4.68928e-05   5.31497e+00
   6  sigmaF_2     3.56884e+00   5.50288e-01   1.20827e-02   1.16203e-01
                               ERR DEF= 0.5
 EXTERNAL ERROR MATRIX.    NDIM=  26    NPAR=  6    ERR DEF=0.5
  1.898e-01  3.682e-01 -1.623e-01  1.094e+01  6.944e-01 -1.895e-01 
  3.682e-01  9.862e-01 -2.983e-01  1.928e+01  1.627e+00 -5.289e-01 
 -1.623e-01 -2.983e-01  1.418e-01 -1.008e+01 -5.727e-01  1.517e-01 
  1.094e+01  1.928e+01 -1.008e+01  3.556e+03  3.690e+01 -9.874e+00 
  6.944e-01  1.627e+00 -5.727e-01  3.690e+01  2.917e+00 -8.377e-01 
 -1.895e-01 -5.289e-01  1.517e-01 -9.874e+00 -8.377e-01  3.070e-01 
ERR MATRIX NOT POS-DEF
 PARAMETER  CORRELATION COEFFICIENTS  
       NO.  GLOBAL      1      2      3      4      5      6
        1  0.99630   1.000  0.851 -0.989  0.421  0.933 -0.785
        2  0.99146   0.851  1.000 -0.798  0.326  0.959 -0.961
        3  0.99405  -0.989 -0.798  1.000 -0.449 -0.890  0.727
        4  0.48237   0.421  0.326 -0.449  1.000  0.362 -0.299
        5  0.98997   0.933  0.959 -0.890  0.362  1.000 -0.885
        6  0.97414  -0.785 -0.961  0.727 -0.299 -0.885  1.000
 ERR MATRIX NOT POS-DEF

RooWorkspace(w) w contents

variables
---------
(acmsF,acmsP,alphaF,alphaP,betaF,betaP,eff,gammaF,gammaP,meanF,meanP,nBkgF,nBkgP,nF,nP,nSigF,nSigP,peakF,peakP,sigmaF,sigmaF_2,sigmaP,sigmaP_2,sosF,sosP,x)

p.d.f.s
-------
RooCMSShape::bkgFail[ x=x alpha=acmsF beta=betaF gamma=gammaF peak=peakF ] = 1.91031
RooCMSShape::bkgPass[ x=x alpha=acmsP beta=betaP gamma=gammaP peak=peakP ] = 1.91031
RooAddPdf::pdfFail[ nSigF * sigFail + nBkgF * bkgFail ] = 17.3771
RooAddPdf::pdfPass[ nSigP * sigPass + nBkgP * bkgPass ] = 19.9371
RooFFTConvPdf::sigFail[ sigPhysFail(x) (*) sigResFail(x) ] = 0.111321
RooFFTConvPdf::sigPass[ sigPhysPass(x) (*) sigResPass(x) ] = 0.127775
RooHistPdf::sigPhysFail[ pdfObs=(x) ] = 35600
RooHistPdf::sigPhysPass[ pdfObs=(x) ] = 35600
RooCBExGaussShape::sigResFail[ m=x  m0=meanF  sigma=sigResFail_3  alpha=alphaF  n=nF  sigma_2=sigResFail_6 ] = 0
RooCBExGaussShape::sigResPass[ m=x  m0=meanP  sigma=sigResPass_3  alpha=alphaP  n=nP  sigma_2=sigResPass_6 ] = 0

functions
--------
RooFormulaVar::sigResFail_3[ actualVars=(sigmaF,sosF) formula="sqrt(sigmaF*sigmaF+sosF*sosF)" ] = 2.23607
RooFormulaVar::sigResFail_6[ actualVars=(sigmaF_2,sosF) formula="sqrt(sigmaF_2*sigmaF_2+sosF*sosF)" ] = 2.23607
RooFormulaVar::sigResPass_3[ actualVars=(sigmaP,sosP) formula="sqrt(sigmaP*sigmaP+sosP*sosP)" ] = 1.41421
RooFormulaVar::sigResPass_6[ actualVars=(sigmaP_2,sosP) formula="sqrt(sigmaP_2*sigmaP_2+sosP*sosP)" ] = 1.80278

datasets
--------
RooDataHist::hPass(x)
RooDataHist::hFail(x)
RooDataHist::hGenZPass(x)
RooDataHist::hGenZFail(x)

embedded precalculated expensive components
-------------------------------------------
uid = 0 key=sigFail_sigPhysFail_CONV_sigResFail_CACHEHIST_Obs[x]_BufFrac0.1_BufStrat0 value=RooDataHist::sigFail_sigPhysFail_CONV_sigResFail_CACHEHIST_Obs[x]_BufFrac0.1_BufStrat0 parameters=( alphaF=2 meanF=-0 nF=3 sigmaF=2 sigmaF_2=2 sosF=1 )
uid = 1 key=sigPass_sigPhysPass_CONV_sigResPass_CACHEHIST_Obs[x]_BufFrac0.1_BufStrat0 value=RooDataHist::sigPass_sigPhysPass_CONV_sigResPass_CACHEHIST_Obs[x]_BufFrac0.1_BufStrat0 parameters=( alphaP=2 meanP=-0 nP=3 sigmaP=1 sigmaP_2=1.5 sosP=1 )
 title :  -  -1.566 < #eta_{SC} < -1.444 -  15.000 < probe_Pho_et < 20.000
 **********
 **   13 **MIGRAD        3000           1
 **********
 FIRST CALL TO USER FUNCTION AT NEW START POINT, WITH IFLAG=4.
 START MIGRAD MINIMIZATION.  STRATEGY  1.  CONVERGENCE WHEN EDM .LT. 1.00e-03
 FCN=-3184.43 FROM MIGRAD    STATUS=INITIATE       98 CALLS          99 TOTAL
                     EDM= unknown      STRATEGY= 1      NO ERROR MATRIX       
  EXT PARAMETER               CURRENT GUESS       STEP         FIRST   
  NO.   NAME      VALUE            ERROR          SIZE      DERIVATIVE 
   1  alphaP       1.20011e+00   2.30000e-01   0.00000e+00   8.77814e-02
   2  meanP        0.00000e+00   1.00000e+00   0.00000e+00   1.40625e+02
   3  nP           2.27028e-01   4.95000e-01   0.00000e+00  -5.95439e+01
   4  nSigP        1.22103e+03   2.03455e+02   0.00000e+00  -1.85701e+02
   5  sigmaP       5.99950e+00   1.50000e-01   2.64167e+00  -5.52188e-01
   6  sigmaP_2     1.50000e+00   5.00000e-01   0.00000e+00   4.21327e+01
                               ERR DEF= 0.5
 MIGRAD MINIMIZATION HAS CONVERGED.
 MIGRAD WILL VERIFY CONVERGENCE AND ERROR MATRIX.
 COVARIANCE MATRIX CALCULATED SUCCESSFULLY
 FCN=-3242.92 FROM MIGRAD    STATUS=CONVERGED     351 CALLS         352 TOTAL
                     EDM=2.56082e-05    STRATEGY= 1      ERROR MATRIX ACCURATE 
  EXT PARAMETER                                   STEP         FIRST   
  NO.   NAME      VALUE            ERROR          SIZE      DERIVATIVE 
   1  alphaP       1.20000e+00   5.20894e-02   1.18503e-02** at limit **
   2  meanP       -4.16848e+00   6.04305e-01   3.38990e-03   1.98843e-02
   3  nP           3.57704e-01   7.09073e-02   2.11837e-03  -2.86255e-02
   4  nSigP        1.44408e+03   4.30907e+01   1.72702e-03  -1.98496e-02
   5  sigmaP       6.00000e+00   3.49140e-01   2.03068e-02** at limit **
   6  sigmaP_2     3.74887e+00   4.97701e-01   2.83988e-03   4.56093e-03
                               ERR DEF= 0.5
 EXTERNAL ERROR MATRIX.    NDIM=  26    NPAR=  6    ERR DEF=0.5
  1.044e-07 -8.675e-07 -5.816e-07  3.377e-05 -6.391e-12  5.218e-07 
 -8.675e-07  3.712e-01 -1.357e-03  1.864e+00 -2.180e-06 -2.787e-01 
 -5.816e-07 -1.357e-03  5.034e-03 -1.005e+00 -1.576e-07 -2.913e-03 
  3.377e-05  1.864e+00 -1.005e+00  1.858e+03  2.094e-05 -1.054e+00 
 -6.391e-12 -2.180e-06 -1.576e-07  2.094e-05  8.014e-08  1.148e-06 
  5.218e-07 -2.787e-01 -2.913e-03 -1.054e+00  1.148e-06  2.506e-01 
 PARAMETER  CORRELATION COEFFICIENTS  
       NO.  GLOBAL      1      2      3      4      5      6
        1  0.02827   1.000 -0.004 -0.025  0.002 -0.000  0.003
        2  0.92025  -0.004  1.000 -0.031  0.071 -0.013 -0.914
        3  0.42003  -0.025 -0.031  1.000 -0.329 -0.008 -0.082
        4  0.33818   0.002  0.071 -0.329  1.000  0.002 -0.049
        5  0.01879  -0.000 -0.013 -0.008  0.002  1.000  0.008
        6  0.92092   0.003 -0.914 -0.082 -0.049  0.008  1.000
 **********
 **   18 **HESSE        3000
 **********
 COVARIANCE MATRIX CALCULATED SUCCESSFULLY
 FCN=-3242.92 FROM HESSE     STATUS=OK             40 CALLS         392 TOTAL
                     EDM=2.56813e-05    STRATEGY= 1      ERROR MATRIX ACCURATE 
  EXT PARAMETER                                INTERNAL      INTERNAL  
  NO.   NAME      VALUE            ERROR       STEP SIZE       VALUE   
   1  alphaP       1.20000e+00   5.21063e-02   2.37006e-03  -1.57173e+00
                                 WARNING -   - ABOVE PARAMETER IS AT LIMIT.
   2  meanP       -4.16848e+00   6.04417e-01   1.35596e-04  -9.85767e-01
   3  nP           3.57704e-01   7.08957e-02   4.23674e-04  -1.06683e+00
   4  nSigP        1.44408e+03   4.30937e+01   3.45404e-04   4.32415e-01
   5  sigmaP       6.00000e+00   3.49155e-01   4.06135e-03   1.57059e+00
                                 WARNING -   - ABOVE PARAMETER IS AT LIMIT.
   6  sigmaP_2     3.74887e+00   4.98037e-01   1.13595e-04   1.82419e-01
                               ERR DEF= 0.5
 EXTERNAL ERROR MATRIX.    NDIM=  26    NPAR=  6    ERR DEF=0.5
  1.044e-07 -4.426e-08 -2.978e-08  1.742e-06 -6.364e-14  2.667e-08 
 -4.426e-08  3.713e-01 -1.195e-03  1.838e+00 -3.974e-07 -2.790e-01 
 -2.978e-08 -1.195e-03  5.032e-03 -1.005e+00 -2.887e-08 -3.046e-03 
  1.742e-06  1.838e+00 -1.005e+00  1.858e+03  3.843e-06 -1.033e+00 
 -6.364e-14 -3.974e-07 -2.887e-08  3.843e-06  8.015e-08  2.088e-07 
  2.667e-08 -2.790e-01 -3.046e-03 -1.033e+00  2.088e-07  2.509e-01 
 PARAMETER  CORRELATION COEFFICIENTS  
       NO.  GLOBAL      1      2      3      4      5      6
        1  0.00145   1.000 -0.000 -0.001  0.000 -0.000  0.000
        2  0.92029  -0.000  1.000 -0.028  0.070 -0.002 -0.914
        3  0.41971  -0.001 -0.028  1.000 -0.329 -0.001 -0.086
        4  0.33836   0.000  0.070 -0.329  1.000  0.000 -0.048
        5  0.00343  -0.000 -0.002 -0.001  0.000  1.000  0.001
        6  0.92103   0.000 -0.914 -0.086 -0.048  0.001  1.000
 **********
 **   23 **HESSE        3000
 **********
 COVARIANCE MATRIX CALCULATED SUCCESSFULLY
