===> settings etc/config/settings_pho.py <===
import etc.config.settings_pho as tnpConf
[?1034h
[1mRooFit v3.60 -- Developed by Wouter Verkerke and David Kirkby[0m 
                Copyright (C) 2000-2013 NIKHEF, University of California & Stanford University
                All rights reserved, please read http://roofit.sourceforge.net/license.txt

===>  Output directory: 
results/Moriond17/tnpPhoID_Winter17MC//passingMVA80Xwp80/
**** name: data_Run2016H                                                                                        
  path    :  ['eos/cms/store/group/phys_egamma/tnp/80X/PhoEleIDs/Moriond17_v1/data/TnPTree_SingleElectron_2016prompt_RunH.root', 'eos/cms/store/group/phys_egamma/tnp/80X/PhoEleIDs/Moriond17_v1/data/TnPTree_SingleElectron_2016rereco_RunG.root', 'eos/cms/store/group/phys_egamma/tnp/80X/PhoEleIDs/Moriond17_v1/data/TnPTree_SingleElectron_2016rereco_RunF.root', 'eos/cms/store/group/phys_egamma/tnp/80X/PhoEleIDs/Moriond17_v1/data/TnPTree_SingleElectron_2016rereco_RunE.root', 'eos/cms/store/group/phys_egamma/tnp/80X/PhoEleIDs/Moriond17_v1/data/TnPTree_SingleElectron_2016rereco_RunD.root', 'eos/cms/store/group/phys_egamma/tnp/80X/PhoEleIDs/Moriond17_v1/data/TnPTree_SingleElectron_2016rereco_RunC.root', 'eos/cms/store/group/phys_egamma/tnp/80X/PhoEleIDs/Moriond17_v1/data/TnPTree_SingleElectron_2016rereco_RunB.root']
  tnpTree :  GsfElectronToPhoID
   --- Data sample --- 
  lumi     :  36.212

RooWorkspace(w) w contents

variables
---------
(alphaF,alphaP,eff,meanF,meanP,nBkgF,nBkgP,nSigF,nSigP,sigmaF,sigmaP,x)

p.d.f.s
-------
RooExponential::bkgFail[ x=x c=alphaF ] = 1
RooExponential::bkgPass[ x=x c=alphaP ] = 1
RooAddPdf::pdfFail[ nSigF * sigFail + nBkgF * bkgFail ] = 10.2044
RooAddPdf::pdfPass[ nSigP * sigPass + nBkgP * bkgPass ] = 13.0029
RooFFTConvPdf::sigFail[ sigPhysFail(x) (*) sigResFail(x) ] = 0.0660064
RooFFTConvPdf::sigPass[ sigPhysPass(x) (*) sigResPass(x) ] = 0.0837378
RooHistPdf::sigPhysFail[ pdfObs=(x) ] = 150.182
RooHistPdf::sigPhysPass[ pdfObs=(x) ] = 424.12
RooGaussian::sigResFail[ x=x mean=meanF sigma=sigmaF ] = 0
RooGaussian::sigResPass[ x=x mean=meanP sigma=sigmaP ] = 0

datasets
--------
RooDataHist::hPass(x)
RooDataHist::hFail(x)
RooDataHist::hGenZPass(x)
RooDataHist::hGenZFail(x)

embedded precalculated expensive components
-------------------------------------------
uid = 0 key=sigFail_sigPhysFail_CONV_sigResFail_CACHEHIST_Obs[x]_BufFrac0.1_BufStrat0 value=RooDataHist::sigFail_sigPhysFail_CONV_sigResFail_CACHEHIST_Obs[x]_BufFrac0.1_BufStrat0 parameters=( meanF=-0 sigmaF=0.9 )
uid = 1 key=sigPass_sigPhysPass_CONV_sigResPass_CACHEHIST_Obs[x]_BufFrac0.1_BufStrat0 value=RooDataHist::sigPass_sigPhysPass_CONV_sigResPass_CACHEHIST_Obs[x]_BufFrac0.1_BufStrat0 parameters=( meanP=-0 sigmaP=0.9 )
 title :  -  -2.500 < #eta_{SC} < -2.000 -  15.000 < probe_Pho_et < 20.000
 **********
 **   13 **MIGRAD        2500           1
 **********
 FIRST CALL TO USER FUNCTION AT NEW START POINT, WITH IFLAG=4.
 START MIGRAD MINIMIZATION.  STRATEGY  1.  CONVERGENCE WHEN EDM .LT. 1.00e-03
 FCN=-80174.8 FROM MIGRAD    STATUS=INITIATE       22 CALLS          23 TOTAL
                     EDM= unknown      STRATEGY= 1      NO ERROR MATRIX       
  EXT PARAMETER               CURRENT GUESS       STEP         FIRST   
  NO.   NAME      VALUE            ERROR          SIZE      DERIVATIVE 
   1  alphaP       0.00000e+00   1.00000e+00   2.01358e-01   2.73813e+04
   2  meanP        0.00000e+00   1.00000e+00   2.01358e-01   3.04366e+02
   3  nBkgP        1.52140e+03   7.60450e+02   1.38124e-01   9.95607e+01
   4  nSigP        1.36926e+04   2.28205e+03   2.05758e-01  -7.91140e+02
   5  sigmaP       9.00000e-01   2.00000e-01   1.61380e-01  -8.23087e+01
                               ERR DEF= 0.5
 MINUIT WARNING IN MIGRAD  
 ============== Negative diagonal element 2 in Error Matrix
 MINUIT WARNING IN MIGRAD  
 ============== 1 added to diagonal of error matrix
 MIGRAD FAILS TO FIND IMPROVEMENT
 MINUIT WARNING IN HESSE   
 ============== Negative diagonal element 2 in Error Matrix
 MINUIT WARNING IN HESSE   
 ============== 2.88952e+06 added to diagonal of error matrix
 EIGENVALUES OF SECOND-DERIVATIVE MATRIX:
        -3.0827e+02  9.9157e-01  9.9926e-01  1.0091e+00  3.1027e+02
 MINUIT WARNING IN HESSE   
 ============== MATRIX FORCED POS-DEF BY ADDING 308.577500 TO DIAGONAL.
 FCN=-80327.6 FROM HESSE     STATUS=NOT POSDEF     35 CALLS         127 TOTAL
                     EDM=32.6138    STRATEGY= 1      ERR MATRIX NOT POS-DEF
  EXT PARAMETER                APPROXIMATE        STEP         FIRST   
  NO.   NAME      VALUE            ERROR          SIZE      DERIVATIVE 
   1  alphaP      -4.02775e-02   1.59080e-04   1.24164e-04   3.35440e+02
   2  meanP       -6.92848e-02   7.36298e+00   1.56854e-03   5.19070e+00
   3  nBkgP        1.75366e+03   2.03092e-01   3.46790e-03  -8.25160e-01
   4  nSigP        1.47070e+04   3.68135e-01   2.31400e-03   7.54245e+00
   5  sigmaP       1.41764e+00   1.35338e-03   8.68033e-03  -2.00028e+03
                               ERR DEF= 0.5
 MINUIT WARNING IN MIGRAD  
 ============== Negative diagonal element 2 in Error Matrix
 MINUIT WARNING IN MIGRAD  
 ============== 1 added to diagonal of error matrix
 MIGRAD FAILS TO FIND IMPROVEMENT
 MIGRAD TERMINATED WITHOUT CONVERGENCE.
 FCN=-80327.6 FROM MIGRAD    STATUS=FAILED        168 CALLS         169 TOTAL
                     EDM=5.82172e+06    STRATEGY= 1      ERR MATRIX NOT POS-DEF
  EXT PARAMETER                APPROXIMATE        STEP         FIRST   
  NO.   NAME      VALUE            ERROR          SIZE      DERIVATIVE 
   1  alphaP      -4.02788e-02   3.24808e+00  -0.00000e+00   3.29923e+02
   2  meanP       -7.06683e-02   3.24786e+00   0.00000e+00  -3.10459e+03
   3  nBkgP        1.75366e+03   3.94809e+03   0.00000e+00  -7.71437e-01
   4  nSigP        1.47070e+04   7.09648e+03  -0.00000e+00   7.47294e+00
   5  sigmaP       1.41764e+00   1.17786e+00  -0.00000e+00   4.98447e+00
                               ERR DEF= 0.5
 EXTERNAL ERROR MATRIX.    NDIM=  25    NPAR=  5    ERR DEF=0.5
  1.250e+01  2.110e-09 -4.229e-10 -1.510e-09  1.424e-11 
  2.110e-09  1.250e+01 -1.081e-08  1.780e-07 -4.206e-10 
 -4.229e-10 -1.081e-08  1.847e+07 -1.785e-07 -2.957e-10 
 -1.510e-09  1.780e-07 -1.785e-07  5.966e+07  6.529e-10 
  1.424e-11 -4.206e-10 -2.957e-10  6.529e-10  1.644e+00 
ERR MATRIX NOT POS-DEF
 PARAMETER  CORRELATION COEFFICIENTS  
       NO.  GLOBAL      1      2      3      4      5
        1  0.00000   1.000  0.000 -0.000 -0.000  0.000
        2  0.00000   0.000  1.000 -0.000  0.000 -0.000
        3  0.00000  -0.000 -0.000  1.000 -0.000 -0.000
        4  0.00000  -0.000  0.000 -0.000  1.000  0.000
        5  0.00000   0.000 -0.000 -0.000  0.000  1.000
 ERR MATRIX NOT POS-DEF
 **********
 **   18 **HESSE        2500
 **********
 MINUIT WARNING IN HESSE   
 ============== Negative diagonal element 2 in Error Matrix
 MINUIT WARNING IN HESSE   
 ============== 5.37914e+06 added to diagonal of error matrix
 EIGENVALUES OF SECOND-DERIVATIVE MATRIX:
        -3.2565e+02  9.9491e-01  9.9960e-01  1.0054e+00  3.2765e+02
 MINUIT WARNING IN HESSE   
 ============== MATRIX FORCED POS-DEF BY ADDING 325.977531 TO DIAGONAL.
 FCN=-80327.6 FROM HESSE     STATUS=NOT POSDEF     35 CALLS         204 TOTAL
                     EDM=5.09854    STRATEGY= 1      ERR MATRIX NOT POS-DEF
  EXT PARAMETER                APPROXIMATE     INTERNAL      INTERNAL  
  NO.   NAME      VALUE            ERROR       STEP SIZE       VALUE   
   1  alphaP      -4.02788e-02   1.17167e-04   1.30815e-04  -8.05584e-03
   2  meanP       -7.06683e-02   7.33694e+00   1.15135e-03  -1.41341e-02
   3  nBkgP        1.75366e+03   1.44870e-01   3.50411e-03  -1.00910e+00
   4  nSigP        1.47070e+04   2.62504e-01   2.28949e-03   2.93060e-01
   5  sigmaP       1.41764e+00   9.65524e-04   8.20656e-03  -6.33735e-01
                               ERR DEF= 0.5
 EXTERNAL ERROR MATRIX.    NDIM=  25    NPAR=  5    ERR DEF=0.5
  1.373e-08 -3.753e-04 -4.102e-08 -2.066e-06  5.860e-08 
 -3.753e-04  3.816e+01  4.155e-03  2.100e-01 -5.959e-03 
 -4.102e-08  4.155e-03  2.099e-02  2.282e-05 -6.488e-07 
 -2.066e-06  2.100e-01  2.282e-05  6.891e-02 -3.279e-05 
  5.860e-08 -5.959e-03 -6.488e-07 -3.279e-05  9.322e-07 
ERR MATRIX NOT POS-DEF
 PARAMETER  CORRELATION COEFFICIENTS  
       NO.  GLOBAL      1      2      3      4      5
        1  0.51856   1.000 -0.519 -0.002 -0.067  0.518
        2  0.99900  -0.519  1.000  0.005  0.130 -0.999
        3  0.00464  -0.002  0.005  1.000  0.001 -0.005
        4  0.12952  -0.067  0.130  0.001  1.000 -0.129
        5  0.99900   0.518 -0.999 -0.005 -0.129  1.000
 ERR MATRIX NOT POS-DEF
 **********
 **   23 **HESSE        2500
 **********
 COVARIANCE MATRIX CALCULATED SUCCESSFULLY
 FCN=-80327.6 FROM HESSE     STATUS=OK             47 CALLS         251 TOTAL
                     EDM=1139.79    STRATEGY= 1      ERROR MATRIX ACCURATE 
  EXT PARAMETER                                INTERNAL      INTERNAL  
  NO.   NAME      VALUE            ERROR       STEP SIZE       VALUE   
   1  alphaP      -4.02788e-02   3.52869e-03   2.61629e-05  -8.05584e-03
   2  meanP       -7.06683e-02   4.09761e-02   5.04334e-02  -1.41341e-02
   3  nBkgP        1.75366e+03   1.28057e+02   7.00823e-04  -1.00910e+00
   4  nSigP        1.47070e+04   1.46332e+02   4.57898e-04   2.93060e-01
   5  sigmaP       1.41764e+00   7.91671e-02   2.62608e-01  -6.33735e-01
                               ERR DEF= 0.5
 EXTERNAL ERROR MATRIX.    NDIM=  25    NPAR=  5    ERR DEF=0.5
  1.245e-05 -1.639e-05 -6.603e-02 -6.225e-02 -3.632e-05 
 -1.639e-05  1.679e-03  4.773e-01 -2.351e-01 -3.908e-04 
 -6.603e-02  4.773e-01  1.640e+04 -8.414e+03 -2.310e+00 
 -6.225e-02 -2.351e-01 -8.414e+03  2.141e+04  1.708e+00 
 -3.632e-05 -3.908e-04 -2.310e+00  1.708e+00  6.271e-03 
 PARAMETER  CORRELATION COEFFICIENTS  
       NO.  GLOBAL      1      2      3      4      5
        1  0.32105   1.000 -0.113 -0.146 -0.121 -0.130
        2  0.18312  -0.113  1.000  0.091 -0.039 -0.120
        3  0.52734  -0.146  0.091  1.000 -0.449 -0.228
        4  0.48727  -0.121 -0.039 -0.449  1.000  0.147
        5  0.30508  -0.130 -0.120 -0.228  0.147  1.000
 **********
 **   13 **MIGRAD        2500           1
 **********
 FIRST CALL TO USER FUNCTION AT NEW START POINT, WITH IFLAG=4.
 START MIGRAD MINIMIZATION.  STRATEGY  1.  CONVERGENCE WHEN EDM .LT. 1.00e-03
 FCN=-233157 FROM MIGRAD    STATUS=INITIATE       42 CALLS          43 TOTAL
                     EDM= unknown      STRATEGY= 1      NO ERROR MATRIX       
  EXT PARAMETER               CURRENT GUESS       STEP         FIRST   
  NO.   NAME      VALUE            ERROR          SIZE      DERIVATIVE 
   1  alphaF       0.00000e+00   1.00000e+00   0.00000e+00  -9.84860e+04
   2  meanF        0.00000e+00   1.00000e+00   0.00000e+00   9.98457e+02
   3  nBkgF        4.20630e+03   2.10290e+03   0.00000e+00  -9.59062e+03
   4  nSigF        3.78567e+04   6.30940e+03   0.00000e+00  -2.29451e+02
   5  sigmaF       4.25289e+00   1.41764e-01   2.53600e+00   6.85515e+00
                               ERR DEF= 0.5
 MINUIT WARNING IN MIGRAD  
 ============== Negative diagonal element 5 in Error Matrix
 MINUIT WARNING IN MIGRAD  
 ============== 1.0629 added to diagonal of error matrix
 MIGRAD FAILS TO FIND IMPROVEMENT
 COVARIANCE MATRIX CALCULATED SUCCESSFULLY
 FCN=-239416 FROM HESSE     STATUS=OK             31 CALLS         214 TOTAL
                     EDM=115.761    STRATEGY= 1      ERROR MATRIX ACCURATE 
  EXT PARAMETER                                   STEP         FIRST   
  NO.   NAME      VALUE            ERROR          SIZE      DERIVATIVE 
   1  alphaF      -2.53276e-02   4.26269e-04   2.68654e-05  -9.42062e+04
   2  meanF       -2.85858e-01   7.50326e-02   5.79961e-03  -1.74993e+02
   3  nBkgF        3.60278e+04   3.71979e+02   2.93546e-03  -2.41564e+02
   4  nSigF        1.78298e+04   2.58780e+02   2.24033e-03   5.45604e+02
   5  sigmaF       2.80704e+00   1.37270e-01   2.19836e-02   8.23326e+01
                               ERR DEF= 0.5
 MIGRAD FAILS TO FIND IMPROVEMENT
 MIGRAD MINIMIZATION HAS CONVERGED.
 MIGRAD WILL VERIFY CONVERGENCE AND ERROR MATRIX.
 COVARIANCE MATRIX CALCULATED SUCCESSFULLY
 FCN=-239521 FROM MIGRAD    STATUS=CONVERGED     321 CALLS         322 TOTAL
                     EDM=5.31445e-05    STRATEGY= 1      ERROR MATRIX ACCURATE 
  EXT PARAMETER                                   STEP         FIRST   
  NO.   NAME      VALUE            ERROR          SIZE      DERIVATIVE 
   1  alphaF      -2.24165e-02   3.95228e-04   2.53008e-05   1.75441e+01
   2  meanF       -1.03201e-01   6.97053e-02   4.57221e-03   2.49400e-01
   3  nBkgF        3.86162e+04   3.60417e+02   2.98604e-03   1.32722e-01
   4  nSigF        1.54367e+04   2.34116e+02   2.21823e-03  -5.07490e-01
   5  sigmaF       1.34640e+00   1.41462e-01   5.58750e-02  -6.89261e-03
                               ERR DEF= 0.5
 EXTERNAL ERROR MATRIX.    NDIM=  25    NPAR=  5    ERR DEF=0.5
  1.562e-07 -5.078e-06 -3.088e-02  1.714e-03 -1.017e-06 
 -5.078e-06  4.859e-03  2.608e+00 -1.574e+00 -1.473e-03 
 -3.088e-02  2.608e+00  1.299e+05 -5.200e+04 -1.574e+01 
  1.714e-03 -1.574e+00 -5.200e+04  5.481e+04  1.184e+01 
 -1.017e-06 -1.473e-03 -1.574e+01  1.184e+01  2.023e-02 
 PARAMETER  CORRELATION COEFFICIENTS  
       NO.  GLOBAL      1      2      3      4      5
        1  0.32095   1.000 -0.184 -0.217  0.019 -0.018
        2  0.24260  -0.184  1.000  0.104 -0.096 -0.149
        3  0.65723  -0.217  0.104  1.000 -0.616 -0.307
        4  0.64944   0.019 -0.096 -0.616  1.000  0.356
        5  0.39561  -0.018 -0.149 -0.307  0.356  1.000
 **********
 **   18 **HESSE        2500
 **********
 COVARIANCE MATRIX CALCULATED SUCCESSFULLY
 FCN=-239521 FROM HESSE     STATUS=OK             31 CALLS         353 TOTAL
                     EDM=5.23893e-05    STRATEGY= 1      ERROR MATRIX ACCURATE 
  EXT PARAMETER                                INTERNAL      INTERNAL  
  NO.   NAME      VALUE            ERROR       STEP SIZE       VALUE   
   1  alphaF      -2.24165e-02   3.95231e-04   5.06016e-06  -4.48331e-03
   2  meanF       -1.03201e-01   6.96709e-02   9.14442e-04  -2.06416e-02
   3  nBkgF        3.86162e+04   3.59086e+02   1.19442e-04   2.25987e-01
   4  nSigF        1.54367e+04   2.32845e+02   4.43646e-04  -5.35990e-01
   5  sigmaF       1.34640e+00   1.40522e-01   2.23500e-03  -1.04290e+00
                               ERR DEF= 0.5
 EXTERNAL ERROR MATRIX.    NDIM=  25    NPAR=  5    ERR DEF=0.5
  1.562e-07 -5.091e-06 -3.095e-02  1.729e-03 -8.981e-07 
 -5.091e-06  4.854e-03  2.503e+00 -1.492e+00 -1.432e-03 
 -3.095e-02  2.503e+00  1.289e+05 -5.127e+04 -1.485e+01 
  1.729e-03 -1.492e+00 -5.127e+04  5.422e+04  1.115e+01 
 -8.981e-07 -1.432e-03 -1.485e+01  1.115e+01  1.996e-02 
 PARAMETER  CORRELATION COEFFICIENTS  
       NO.  GLOBAL      1      2      3      4      5
        1  0.32098   1.000 -0.185 -0.218  0.019 -0.016
        2  0.24070  -0.185  1.000  0.100 -0.092 -0.145
        3  0.65401  -0.218  0.100  1.000 -0.613 -0.293
        4  0.64455   0.019 -0.092 -0.613  1.000  0.339
        5  0.37890  -0.016 -0.145 -0.293  0.339  1.000
 **********
 **   23 **HESSE        2500
 **********
 COVARIANCE MATRIX CALCULATED SUCCESSFULLY
 FCN=-239521 FROM HESSE     STATUS=OK             31 CALLS         384 TOTAL
                     EDM=5.23703e-05    STRATEGY= 1      ERROR MATRIX ACCURATE 
  EXT PARAMETER                                INTERNAL      INTERNAL  
  NO.   NAME      VALUE            ERROR       STEP SIZE       VALUE   
   1  alphaF      -2.24165e-02   3.95234e-04   1.01203e-06  -4.48331e-03
   2  meanF       -1.03201e-01   6.96712e-02   1.82888e-04  -2.06416e-02
   3  nBkgF        3.86162e+04   3.59063e+02   2.38883e-05   2.25987e-01
   4  nSigF        1.54367e+04   2.32819e+02   8.87292e-05  -5.35990e-01
   5  sigmaF       1.34640e+00   1.40493e-01   4.47000e-04  -1.04290e+00
                               ERR DEF= 0.5
 EXTERNAL ERROR MATRIX.    NDIM=  25    NPAR=  5    ERR DEF=0.5
  1.562e-07 -5.091e-06 -3.093e-02  1.709e-03 -8.974e-07 
 -5.091e-06  4.854e-03  2.496e+00 -1.486e+00 -1.433e-03 
 -3.093e-02  2.496e+00  1.289e+05 -5.126e+04 -1.482e+01 
  1.709e-03 -1.486e+00 -5.126e+04  5.421e+04  1.113e+01 
 -8.974e-07 -1.433e-03 -1.482e+01  1.113e+01  1.995e-02 
 PARAMETER  CORRELATION COEFFICIENTS  
       NO.  GLOBAL      1      2      3      4      5
        1  0.32100   1.000 -0.185 -0.218  0.019 -0.016
        2  0.24071  -0.185  1.000  0.100 -0.092 -0.146
        3  0.65395  -0.218  0.100  1.000 -0.613 -0.292
        4  0.64445   0.019 -0.092 -0.613  1.000  0.338
        5  0.37842  -0.016 -0.146 -0.292  0.338  1.000

RooWorkspace(w) w contents

variables
---------
(alphaF,alphaP,eff,meanF,meanP,nBkgF,nBkgP,nSigF,nSigP,sigmaF,sigmaP,x)

p.d.f.s
-------
RooExponential::bkgFail[ x=x c=alphaF ] = 1
RooExponential::bkgPass[ x=x c=alphaP ] = 1
RooAddPdf::pdfFail[ nSigF * sigFail + nBkgF * bkgFail ] = 7.83372
RooAddPdf::pdfPass[ nSigP * sigPass + nBkgP * bkgPass ] = 10.2291
RooFFTConvPdf::sigFail[ sigPhysFail(x) (*) sigResFail(x) ] = 0.0503035
RooFFTConvPdf::sigPass[ sigPhysPass(x) (*) sigResPass(x) ] = 0.0656459
RooHistPdf::sigPhysFail[ pdfObs=(x) ] = 126.081
RooHistPdf::sigPhysPass[ pdfObs=(x) ] = 350.929
RooGaussian::sigResFail[ x=x mean=meanF sigma=sigmaF ] = 0
RooGaussian::sigResPass[ x=x mean=meanP sigma=sigmaP ] = 0

datasets
--------
RooDataHist::hPass(x)
RooDataHist::hFail(x)
RooDataHist::hGenZPass(x)
RooDataHist::hGenZFail(x)

embedded precalculated expensive components
-------------------------------------------
uid = 0 key=sigFail_sigPhysFail_CONV_sigResFail_CACHEHIST_Obs[x]_BufFrac0.1_BufStrat0 value=RooDataHist::sigFail_sigPhysFail_CONV_sigResFail_CACHEHIST_Obs[x]_BufFrac0.1_BufStrat0 parameters=( meanF=-0 sigmaF=0.9 )
uid = 1 key=sigPass_sigPhysPass_CONV_sigResPass_CACHEHIST_Obs[x]_BufFrac0.1_BufStrat0 value=RooDataHist::sigPass_sigPhysPass_CONV_sigResPass_CACHEHIST_Obs[x]_BufFrac0.1_BufStrat0 parameters=( meanP=-0 sigmaP=0.9 )
 title :  -  -2.000 < #eta_{SC} < -1.566 -  15.000 < probe_Pho_et < 20.000
 **********
 **   13 **MIGRAD        2500           1
 **********
 FIRST CALL TO USER FUNCTION AT NEW START POINT, WITH IFLAG=4.
 START MIGRAD MINIMIZATION.  STRATEGY  1.  CONVERGENCE WHEN EDM .LT. 1.00e-03
 FCN=-80036.5 FROM MIGRAD    STATUS=INITIATE       22 CALLS          23 TOTAL
                     EDM= unknown      STRATEGY= 1      NO ERROR MATRIX       
  EXT PARAMETER               CURRENT GUESS       STEP         FIRST   
  NO.   NAME      VALUE            ERROR          SIZE      DERIVATIVE 
   1  alphaP       0.00000e+00   1.00000e+00   2.01358e-01   3.07879e+04
   2  meanP        0.00000e+00   1.00000e+00   2.01358e-01   6.72942e+02
   3  nBkgP        1.52910e+03   7.64300e+02   1.38124e-01   1.99749e+02
   4  nSigP        1.37619e+04   2.29360e+03   2.05758e-01  -8.65436e+02
   5  sigmaP       9.00000e-01   2.00000e-01   1.61380e-01  -2.10146e+01
                               ERR DEF= 0.5
 MIGRAD MINIMIZATION HAS CONVERGED.
 MIGRAD WILL VERIFY CONVERGENCE AND ERROR MATRIX.
 COVARIANCE MATRIX CALCULATED SUCCESSFULLY
 FCN=-80215.1 FROM MIGRAD    STATUS=CONVERGED     136 CALLS         137 TOTAL
                     EDM=0.000134895    STRATEGY= 1      ERROR MATRIX ACCURATE 
  EXT PARAMETER                                   STEP         FIRST   
  NO.   NAME      VALUE            ERROR          SIZE      DERIVATIVE 
   1  alphaP      -4.27705e-02   3.28259e-03   1.19888e-04  -1.64548e+01
   2  meanP       -2.16081e-01   4.68694e-02   1.78856e-03  -3.94996e-01
   3  nBkgP        1.90787e+03   1.29524e+02   3.37420e-03   1.13728e-01
   4  nSigP        1.47705e+04   1.44816e+02   2.28728e-03  -3.93118e-02
   5  sigmaP       1.24711e+00   1.03253e-01   1.13178e-02  -2.55796e-02
                               ERR DEF= 0.5
 EXTERNAL ERROR MATRIX.    NDIM=  25    NPAR=  5    ERR DEF=0.5
  1.078e-05 -1.533e-05 -9.681e-02 -3.868e-02 -4.690e-05 
 -1.533e-05  2.197e-03  7.681e-01 -3.842e-01 -8.517e-04 
 -9.681e-02  7.681e-01  1.678e+04 -7.947e+03 -2.990e+00 
 -3.868e-02 -3.842e-01 -7.947e+03  2.097e+04  2.172e+00 
 -4.690e-05 -8.517e-04 -2.990e+00  2.172e+00  1.067e-02 
 PARAMETER  CORRELATION COEFFICIENTS  
       NO.  GLOBAL      1      2      3      4      5
        1  0.36626   1.000 -0.100 -0.228 -0.081 -0.138
        2  0.22408  -0.100  1.000  0.127 -0.057 -0.176
        3  0.53832  -0.228  0.127  1.000 -0.424 -0.223
        4  0.46180  -0.081 -0.057 -0.424  1.000  0.145
        5  0.33846  -0.138 -0.176 -0.223  0.145  1.000
 **********
 **   18 **HESSE        2500
 **********
 COVARIANCE MATRIX CALCULATED SUCCESSFULLY
 FCN=-80215.1 FROM HESSE     STATUS=OK             31 CALLS         168 TOTAL
                     EDM=0.00013378    STRATEGY= 1      ERROR MATRIX ACCURATE 
  EXT PARAMETER                                INTERNAL      INTERNAL  
  NO.   NAME      VALUE            ERROR       STEP SIZE       VALUE   
   1  alphaP      -4.27705e-02   3.27481e-03   4.79552e-06  -8.55420e-03
   2  meanP       -2.16081e-01   4.68584e-02   3.57711e-04  -4.32297e-02
   3  nBkgP        1.90787e+03   1.29171e+02   1.34968e-04  -9.85737e-01
   4  nSigP        1.47705e+04   1.44940e+02   9.14912e-05   2.92070e-01
   5  sigmaP       1.24711e+00   1.03275e-01   4.52710e-04  -7.31452e-01
                               ERR DEF= 0.5
 EXTERNAL ERROR MATRIX.    NDIM=  25    NPAR=  5    ERR DEF=0.5
  1.072e-05 -1.491e-05 -9.139e-02 -4.179e-02 -4.794e-05 
 -1.491e-05  2.196e-03  7.551e-01 -3.801e-01 -8.521e-04 
 -9.139e-02  7.551e-01  1.669e+04 -7.950e+03 -2.985e+00 
 -4.179e-02 -3.801e-01 -7.950e+03  2.101e+04  2.183e+00 
 -4.794e-05 -8.521e-04 -2.985e+00  2.183e+00  1.068e-02 
 PARAMETER  CORRELATION COEFFICIENTS  
       NO.  GLOBAL      1      2      3      4      5
        1  0.36059   1.000 -0.097 -0.216 -0.088 -0.142
        2  0.22308  -0.097  1.000  0.125 -0.056 -0.176
        3  0.53470  -0.216  0.125  1.000 -0.425 -0.224
        4  0.46326  -0.088 -0.056 -0.425  1.000  0.146
        5  0.33895  -0.142 -0.176 -0.224  0.146  1.000
 **********
 **   23 **HESSE        2500
 **********
 COVARIANCE MATRIX CALCULATED SUCCESSFULLY
 FCN=-80215.1 FROM HESSE     STATUS=OK             31 CALLS         199 TOTAL
                     EDM=0.000133747    STRATEGY= 1      ERROR MATRIX ACCURATE 
  EXT PARAMETER                                INTERNAL      INTERNAL  
  NO.   NAME      VALUE            ERROR       STEP SIZE       VALUE   
   1  alphaP      -4.27705e-02   3.27463e-03   9.59105e-07  -8.55420e-03
   2  meanP       -2.16081e-01   4.68593e-02   7.15423e-05  -4.32297e-02
   3  nBkgP        1.90787e+03   1.29164e+02   2.69936e-05  -9.85737e-01
   4  nSigP        1.47705e+04   1.44946e+02   1.82982e-05   2.92070e-01
   5  sigmaP       1.24711e+00   1.03280e-01   9.05420e-05  -7.31452e-01
                               ERR DEF= 0.5
 EXTERNAL ERROR MATRIX.    NDIM=  25    NPAR=  5    ERR DEF=0.5
  1.072e-05 -1.490e-05 -9.122e-02 -4.190e-02 -4.797e-05 
 -1.490e-05  2.196e-03  7.547e-01 -3.799e-01 -8.528e-04 
 -9.122e-02  7.547e-01  1.669e+04 -7.951e+03 -2.986e+00 
 -4.190e-02 -3.799e-01 -7.951e+03  2.101e+04  2.184e+00 
 -4.797e-05 -8.528e-04 -2.986e+00  2.184e+00  1.068e-02 
 PARAMETER  CORRELATION COEFFICIENTS  
       NO.  GLOBAL      1      2      3      4      5
        1  0.36043   1.000 -0.097 -0.216 -0.088 -0.142
        2  0.22316  -0.097  1.000  0.125 -0.056 -0.176
        3  0.53461  -0.216  0.125  1.000 -0.425 -0.224
        4  0.46332  -0.088 -0.056 -0.425  1.000  0.146
        5  0.33903  -0.142 -0.176 -0.224  0.146  1.000
 **********
 **   13 **MIGRAD        2500           1
 **********
 FIRST CALL TO USER FUNCTION AT NEW START POINT, WITH IFLAG=4.
 START MIGRAD MINIMIZATION.  STRATEGY  1.  CONVERGENCE WHEN EDM .LT. 1.00e-03
 FCN=-258410 FROM MIGRAD    STATUS=INITIATE       42 CALLS          43 TOTAL
                     EDM= unknown      STRATEGY= 1      NO ERROR MATRIX       
  EXT PARAMETER               CURRENT GUESS       STEP         FIRST   
  NO.   NAME      VALUE            ERROR          SIZE      DERIVATIVE 
   1  alphaF       0.00000e+00   1.00000e+00   0.00000e+00  -1.31441e+05
   2  meanF        0.00000e+00   1.00000e+00   0.00000e+00   1.01668e+03
   3  nBkgF        4.56930e+03   2.28440e+03   0.00000e+00  -1.00139e+04
   4  nSigF        4.11237e+04   6.85390e+03   0.00000e+00  -6.09852e+02
   5  sigmaF       3.74030e+00   1.24711e-01   2.49021e+00  -2.87788e+01
                               ERR DEF= 0.5
 MINUIT WARNING IN MIGRAD  
 ============== Negative diagonal element 5 in Error Matrix
 MINUIT WARNING IN MIGRAD  
 ============== 1.02046 added to diagonal of error matrix
 MIGRAD FAILS TO FIND IMPROVEMENT
 MINUIT WARNING IN HESSE   
 ============== Negative diagonal element 5 in Error Matrix
 MINUIT WARNING IN HESSE   
 ============== 85.6977 added to diagonal of error matrix
 EIGENVALUES OF SECOND-DERIVATIVE MATRIX:
        -5.0805e-01  6.1765e-01  8.7602e-01  1.7867e+00  2.2276e+00
 MINUIT WARNING IN HESSE   
 ============== MATRIX FORCED POS-DEF BY ADDING 0.510278 TO DIAGONAL.
 FCN=-264320 FROM HESSE     STATUS=NOT POSDEF     31 CALLS         240 TOTAL
                     EDM=197189    STRATEGY= 1      ERR MATRIX NOT POS-DEF
  EXT PARAMETER                APPROXIMATE        STEP         FIRST   
  NO.   NAME      VALUE            ERROR          SIZE      DERIVATIVE 
   1  alphaF      -2.74487e-02   1.53770e-03   2.70607e-05  -4.51592e+04
   2  meanF       -7.39216e-02   4.23911e-01   6.53430e-03   1.81055e+01
   3  nBkgF        3.96920e+04   2.73866e+03   3.04951e-03  -2.74367e+02
   4  nSigF        1.88913e+04   2.37815e+03   2.30858e-03  -2.15795e+02
   5  sigmaF       3.61701e+00   1.40656e+00   3.22551e-02  -4.59763e+01
                               ERR DEF= 0.5
 MINUIT WARNING IN MIGRAD  
 ============== Negative diagonal element 5 in Error Matrix
 MINUIT WARNING IN MIGRAD  
 ============== 1.46343 added to diagonal of error matrix
 MIGRAD FAILS TO FIND IMPROVEMENT
 MIGRAD TERMINATED WITHOUT CONVERGENCE.
 FCN=-264332 FROM MIGRAD    STATUS=FAILED        269 CALLS         270 TOTAL
                     EDM=476719    STRATEGY= 1      ERR MATRIX NOT POS-DEF
  EXT PARAMETER                APPROXIMATE        STEP         FIRST   
  NO.   NAME      VALUE            ERROR          SIZE      DERIVATIVE 
   1  alphaF      -2.67060e-02   3.77412e+00   0.00000e+00  -1.03908e+04
   2  meanF        1.32325e-01   3.77328e+00  -0.00000e+00   1.40514e+02
   3  nBkgF        4.10348e+04   2.53596e+04   0.00000e+00  -1.47655e+02
   4  nSigF        1.77311e+04   2.26563e+04   0.00000e+00  -5.17883e+02
   5  sigmaF       3.41776e+00   5.74866e-01   0.00000e+00  -7.63072e+01
                               ERR DEF= 0.5
 EXTERNAL ERROR MATRIX.    NDIM=  25    NPAR=  5    ERR DEF=0.5
  1.829e+01 -4.269e-06 -1.274e-02 -3.499e-03 -3.370e-06 
 -4.269e-06  1.829e+01  7.468e-01 -5.295e-01 -2.681e-03 
 -1.274e-02  7.468e-01  8.259e+08 -1.723e+04 -2.887e+01 
 -3.499e-03 -5.295e-01 -1.723e+04  6.592e+08  2.190e+01 
 -3.370e-06 -2.681e-03 -2.887e+01  2.190e+01  3.915e-01 
ERR MATRIX NOT POS-DEF
 PARAMETER  CORRELATION COEFFICIENTS  
       NO.  GLOBAL      1      2      3      4      5
        1  0.00000   1.000 -0.000 -0.000 -0.000 -0.000
        2  0.00100  -0.000  1.000  0.000 -0.000 -0.001
        3  0.00161  -0.000  0.000  1.000 -0.000 -0.002
        4  0.00136  -0.000 -0.000 -0.000  1.000  0.001
        5  0.00233  -0.000 -0.001 -0.002  0.001  1.000
 ERR MATRIX NOT POS-DEF
 **********
 **   18 **HESSE        2500
 **********
 MINUIT WARNING IN HESSE   
 ============== Negative diagonal element 5 in Error Matrix
 MINUIT WARNING IN HESSE   
 ============== 53.3265 added to diagonal of error matrix
 EIGENVALUES OF SECOND-DERIVATIVE MATRIX:
        -8.7328e-01  6.0386e-01  9.5803e-01  1.8243e+00  2.4871e+00
 MINUIT WARNING IN HESSE   
 ============== MATRIX FORCED POS-DEF BY ADDING 0.875765 TO DIAGONAL.
 FCN=-264332 FROM HESSE     STATUS=NOT POSDEF     31 CALLS         301 TOTAL
                     EDM=913495    STRATEGY= 1      ERR MATRIX NOT POS-DEF
  EXT PARAMETER                APPROXIMATE     INTERNAL      INTERNAL  
  NO.   NAME      VALUE            ERROR       STEP SIZE       VALUE   
   1  alphaF      -2.67060e-02   1.71490e-03   2.71741e-05  -5.34123e-03
   2  meanF        1.32325e-01   3.04424e-01   6.43688e-03   2.64680e-02
   3  nBkgF        4.10348e+04   2.48171e+03   3.02363e-03   1.98704e-01
   4  nSigF        1.77311e+04   2.22260e+03   2.29411e-03  -5.03636e-01
   5  sigmaF       3.41776e+00   1.49698e+00   3.85766e-02   8.55508e+00
                               ERR DEF= 0.5
 EXTERNAL ERROR MATRIX.    NDIM=  25    NPAR=  5    ERR DEF=0.5
  2.941e-06  5.000e-04  4.177e+00 -3.757e+00  1.937e-02 
  5.000e-04  9.279e-02  7.355e+02 -6.599e+02  3.402e+00 
  4.177e+00  7.355e+02  6.170e+06 -5.502e+06  2.832e+04 
 -3.757e+00 -6.599e+02 -5.502e+06  4.949e+06 -2.541e+04 
  1.937e-02  3.402e+00  2.832e+04 -2.541e+04  1.311e+02 
ERR MATRIX NOT POS-DEF
 PARAMETER  CORRELATION COEFFICIENTS  
       NO.  GLOBAL      1      2      3      4      5
        1  0.98726   1.000  0.957  0.980 -0.985  0.987
        2  0.97602   0.957  1.000  0.972 -0.974  0.975
        3  0.99637   0.980  0.972  1.000 -0.996  0.996
        4  0.99796  -0.985 -0.974 -0.996  1.000 -0.998
        5  0.99841   0.987  0.975  0.996 -0.998  1.000
 ERR MATRIX NOT POS-DEF
 **********
 **   23 **HESSE        2500
 **********
 MINUIT WARNING IN HESSE   
 ============== Negative diagonal element 5 in Error Matrix
 MINUIT WARNING IN HESSE   
 ============== 53.3426 added to diagonal of error matrix
 EIGENVALUES OF SECOND-DERIVATIVE MATRIX:
        -8.4935e-01  6.0578e-01  9.5112e-01  1.8242e+00  2.4682e+00
 MINUIT WARNING IN HESSE   
 ============== MATRIX FORCED POS-DEF BY ADDING 0.851814 TO DIAGONAL.
 FCN=-264332 FROM HESSE     STATUS=NOT POSDEF     31 CALLS         332 TOTAL
                     EDM=916703    STRATEGY= 1      ERR MATRIX NOT POS-DEF
  EXT PARAMETER                APPROXIMATE     INTERNAL      INTERNAL  
  NO.   NAME      VALUE            ERROR       STEP SIZE       VALUE   
   1  alphaF      -2.67060e-02   1.70519e-03   5.43483e-06  -5.34123e-03
   2  meanF        1.32325e-01   3.15452e-01   1.28738e-03   2.64680e-02
   3  nBkgF        4.10348e+04   2.49816e+03   6.04726e-04   1.98704e-01
   4  nSigF        1.77311e+04   2.22973e+03   4.58822e-04  -5.03636e-01
   5  sigmaF       3.41776e+00   1.50264e+00   7.71533e-03   8.55508e+00
                               ERR DEF= 0.5
 EXTERNAL ERROR MATRIX.    NDIM=  25    NPAR=  5    ERR DEF=0.5
  2.908e-06  5.158e-04  4.179e+00 -3.746e+00  1.930e-02 
  5.158e-04  9.964e-02  7.683e+02 -6.870e+02  3.538e+00 
  4.179e+00  7.683e+02  6.252e+06 -5.556e+06  2.857e+04 
 -3.746e+00 -6.870e+02 -5.556e+06  4.981e+06 -2.555e+04 
  1.930e-02  3.538e+00  2.857e+04 -2.555e+04  1.316e+02 
ERR MATRIX NOT POS-DEF
 PARAMETER  CORRELATION COEFFICIENTS  
       NO.  GLOBAL      1      2      3      4      5
        1  0.98695   1.000  0.958  0.980 -0.984  0.986
        2  0.97740   0.958  1.000  0.973 -0.975  0.977
        3  0.99637   0.980  0.973  1.000 -0.996  0.996
        4  0.99794  -0.984 -0.975 -0.996  1.000 -0.998
        5  0.99839   0.986  0.977  0.996 -0.998  1.000
 ERR MATRIX NOT POS-DEF

RooWorkspace(w) w contents

variables
---------
(alphaF,alphaP,eff,meanF,meanP,nBkgF,nBkgP,nSigF,nSigP,sigmaF,sigmaP,x)

p.d.f.s
-------
RooExponential::bkgFail[ x=x c=alphaF ] = 1
RooExponential::bkgPass[ x=x c=alphaP ] = 1
RooAddPdf::pdfFail[ nSigF * sigFail + nBkgF * bkgFail ] = 2.0734
RooAddPdf::pdfPass[ nSigP * sigPass + nBkgP * bkgPass ] = 5.51544
RooFFTConvPdf::sigFail[ sigPhysFail(x) (*) sigResFail(x) ] = 0.0129926
RooFFTConvPdf::sigPass[ sigPhysPass(x) (*) sigResPass(x) ] = 0.0358546
RooHistPdf::sigPhysFail[ pdfObs=(x) ] = 15.3232
RooHistPdf::sigPhysPass[ pdfObs=(x) ] = 50.2755
RooGaussian::sigResFail[ x=x mean=meanF sigma=sigmaF ] = 0
RooGaussian::sigResPass[ x=x mean=meanP sigma=sigmaP ] = 0

datasets
--------
RooDataHist::hPass(x)
RooDataHist::hFail(x)
RooDataHist::hGenZPass(x)
RooDataHist::hGenZFail(x)

embedded precalculated expensive components
-------------------------------------------
uid = 0 key=sigFail_sigPhysFail_CONV_sigResFail_CACHEHIST_Obs[x]_BufFrac0.1_BufStrat0 value=RooDataHist::sigFail_sigPhysFail_CONV_sigResFail_CACHEHIST_Obs[x]_BufFrac0.1_BufStrat0 parameters=( meanF=-0 sigmaF=0.9 )
uid = 1 key=sigPass_sigPhysPass_CONV_sigResPass_CACHEHIST_Obs[x]_BufFrac0.1_BufStrat0 value=RooDataHist::sigPass_sigPhysPass_CONV_sigResPass_CACHEHIST_Obs[x]_BufFrac0.1_BufStrat0 parameters=( meanP=-0 sigmaP=0.9 )
 title :  -  -1.566 < #eta_{SC} < -1.444 -  15.000 < probe_Pho_et < 20.000
 **********
 **   13 **MIGRAD        2500           1
 **********
 FIRST CALL TO USER FUNCTION AT NEW START POINT, WITH IFLAG=4.
 START MIGRAD MINIMIZATION.  STRATEGY  1.  CONVERGENCE WHEN EDM .LT. 1.00e-03
 FCN=-21752 FROM MIGRAD    STATUS=INITIATE       22 CALLS          23 TOTAL
                     EDM= unknown      STRATEGY= 1      NO ERROR MATRIX       
  EXT PARAMETER               CURRENT GUESS       STEP         FIRST   
  NO.   NAME      VALUE            ERROR          SIZE      DERIVATIVE 
   1  alphaP       0.00000e+00   1.00000e+00   2.01358e-01   1.26207e+04
   2  meanP        0.00000e+00   1.00000e+00   2.01358e-01   2.57373e+02
   3  nBkgP        5.45400e+02   2.72450e+02   1.38083e-01   2.13312e+02
   4  nSigP        4.90860e+03   8.18050e+02   2.05756e-01  -4.36350e+02
   5  sigmaP       9.00000e-01   2.00000e-01   1.61380e-01  -3.22581e+01
                               ERR DEF= 0.5
 MINUIT WARNING IN MIGRAD  
 ============== Negative diagonal element 1 in Error Matrix
 MINUIT WARNING IN MIGRAD  
 ============== 1.00011 added to diagonal of error matrix
 MIGRAD FAILS TO FIND IMPROVEMENT
 COVARIANCE MATRIX CALCULATED SUCCESSFULLY
 FCN=-21879.3 FROM HESSE     STATUS=OK             31 CALLS         241 TOTAL
                     EDM=41.6524    STRATEGY= 1      ERROR MATRIX ACCURATE 
  EXT PARAMETER                                   STEP         FIRST   
  NO.   NAME      VALUE            ERROR          SIZE      DERIVATIVE 
   1  alphaP      -5.22186e-02   4.79434e-02   4.98521e-04  -6.33152e+02
   2  meanP       -1.04061e+00   1.55801e-01   2.67296e-03   4.38230e+01
   3  nBkgP        2.13804e+02   1.17153e+02   6.40571e-03  -1.03516e+01
   4  nSigP        5.87736e+03   1.19611e+02   2.22667e-03   5.47739e+01
   5  sigmaP       2.34455e+00   3.28702e-01   8.76380e-03   1.34357e+01
                               ERR DEF= 0.5
 MIGRAD FAILS TO FIND IMPROVEMENT
 MIGRAD TERMINATED WITHOUT CONVERGENCE.
 FCN=-21884.5 FROM MIGRAD    STATUS=FAILED        382 CALLS         383 TOTAL
                     EDM=0.00202069    STRATEGY= 1  ERROR MATRIX UNCERTAINTY   3.7 per cent
  EXT PARAMETER                APPROXIMATE        STEP         FIRST   
  NO.   NAME      VALUE            ERROR          SIZE      DERIVATIVE 
   1  alphaP      -3.64459e-02   1.35508e-02  -0.00000e+00   4.43099e+00
   2  meanP       -1.14273e+00   1.20975e-01   0.00000e+00  -1.01682e+01
   3  nBkgP        3.16033e+02   1.49398e+02   0.00000e+00   9.37614e-03
   4  nSigP        5.70101e+03   1.20671e+02  -0.00000e+00   1.95541e-01
   5  sigmaP       1.99958e+00   1.75054e-01  -0.00000e+00  -3.05289e+00
                               ERR DEF= 0.5
 EXTERNAL ERROR MATRIX.    NDIM=  25    NPAR=  5    ERR DEF=0.5
  1.836e-04 -4.344e-04 -1.671e+00  8.944e-01  7.280e-04 
 -4.344e-04  1.464e-02  5.944e+00 -4.259e+00 -2.089e-02 
 -1.671e+00  5.944e+00  2.239e+04 -1.266e+04 -9.260e+00 
  8.944e-01 -4.259e+00 -1.266e+04  1.457e+04  6.422e+00 
  7.280e-04 -2.089e-02 -9.260e+00  6.422e+00  3.071e-02 
ERR MATRIX APPROXIMATE
 PARAMETER  CORRELATION COEFFICIENTS  
       NO.  GLOBAL      1      2      3      4      5
        1  0.83452   1.000 -0.265 -0.824  0.547  0.307
        2  0.98637  -0.265  1.000  0.328 -0.292 -0.985
        3  0.87908  -0.824  0.328  1.000 -0.701 -0.353
        4  0.70607   0.547 -0.292 -0.701  1.000  0.304
        5  0.98663   0.307 -0.985 -0.353  0.304  1.000
 ERR MATRIX APPROXIMATE
 **********
 **   18 **HESSE        2500
 **********
 COVARIANCE MATRIX CALCULATED SUCCESSFULLY
 FCN=-21884.5 FROM HESSE     STATUS=OK             39 CALLS         422 TOTAL
                     EDM=0.00419674    STRATEGY= 1      ERROR MATRIX ACCURATE 
  EXT PARAMETER                                INTERNAL      INTERNAL  
  NO.   NAME      VALUE            ERROR       STEP SIZE       VALUE   
   1  alphaP      -3.64459e-02   1.32194e-02   1.44165e-04  -7.28924e-03
   2  meanP       -1.14273e+00   4.35256e-02   2.70354e-03  -2.30584e-01
   3  nBkgP        3.16033e+02   1.49284e+02   4.35925e-03  -1.17543e+00
   4  nSigP        5.70101e+03   1.18099e+02   2.17649e-03   4.04636e-01
   5  sigmaP       1.99958e+00   6.36483e-02   9.20195e-03  -3.40033e-01
                               ERR DEF= 0.5
 EXTERNAL ERROR MATRIX.    NDIM=  25    NPAR=  5    ERR DEF=0.5
  1.748e-04 -6.271e-05 -1.670e+00  9.144e-01  2.657e-05 
 -6.271e-05  1.895e-03  5.606e-01 -4.073e-01 -9.188e-05 
 -1.670e+00  5.606e-01  2.235e+04 -1.293e+04 -7.384e-01 
  9.144e-01 -4.073e-01 -1.293e+04  1.395e+04  4.777e-01 
  2.657e-05 -9.188e-05 -7.384e-01  4.777e-01  4.052e-03 
 PARAMETER  CORRELATION COEFFICIENTS  
       NO.  GLOBAL      1      2      3      4      5
        1  0.84785   1.000 -0.109 -0.845  0.586  0.032
        2  0.11768  -0.109  1.000  0.086 -0.079 -0.033
        3  0.89493  -0.845  0.086  1.000 -0.732 -0.078
        4  0.73485   0.586 -0.079 -0.732  1.000  0.064
        5  0.10500   0.032 -0.033 -0.078  0.064  1.000
 **********
 **   23 **HESSE        2500
 **********
 COVARIANCE MATRIX CALCULATED SUCCESSFULLY
 FCN=-21884.5 FROM HESSE     STATUS=OK             43 CALLS         465 TOTAL
                     EDM=0.323466    STRATEGY= 1      ERROR MATRIX ACCURATE 
  EXT PARAMETER                                INTERNAL      INTERNAL  
  NO.   NAME      VALUE            ERROR       STEP SIZE       VALUE   
   1  alphaP      -3.64459e-02   1.27993e-02   5.76662e-06  -7.28924e-03
   2  meanP       -1.14273e+00   1.41550e-01   7.05535e-02  -2.30584e-01
   3  nBkgP        3.16033e+02   1.45814e+02   1.74370e-04  -1.17543e+00
   4  nSigP        5.70101e+03   1.18670e+02   4.35298e-04   4.04636e-01
   5  sigmaP       1.99958e+00   2.08055e-01   2.35316e-01  -3.40033e-01
                               ERR DEF= 0.5
 EXTERNAL ERROR MATRIX.    NDIM=  25    NPAR=  5    ERR DEF=0.5
  1.638e-04 -6.034e-04 -1.538e+00  8.669e-01  3.934e-04 
 -6.034e-04  2.004e-02  6.232e+00 -4.613e+00 -8.933e-03 
 -1.538e+00  6.232e+00  2.132e+04 -1.270e+04 -8.554e+00 
  8.669e-01 -4.613e+00 -1.270e+04  1.409e+04  5.910e+00 
  3.934e-04 -8.933e-03 -8.554e+00  5.910e+00  4.343e-02 
 PARAMETER  CORRELATION COEFFICIENTS  
       NO.  GLOBAL      1      2      3      4      5
        1  0.83672   1.000 -0.333 -0.823  0.571  0.147
        2  0.42903  -0.333  1.000  0.301 -0.275 -0.303
        3  0.88954  -0.823  0.301  1.000 -0.733 -0.281
        4  0.73785   0.571 -0.275 -0.733  1.000  0.239
        5  0.40732   0.147 -0.303 -0.281  0.239  1.000
 **********
 **   13 **MIGRAD        2500           1
 **********
 FIRST CALL TO USER FUNCTION AT NEW START POINT, WITH IFLAG=4.
 START MIGRAD MINIMIZATION.  STRATEGY  1.  CONVERGENCE WHEN EDM .LT. 1.00e-03
 FCN=-35971.8 FROM MIGRAD    STATUS=INITIATE       41 CALLS          42 TOTAL
                     EDM= unknown      STRATEGY= 1      NO ERROR MATRIX       
  EXT PARAMETER               CURRENT GUESS       STEP         FIRST   
  NO.   NAME      VALUE            ERROR          SIZE      DERIVATIVE 
   1  alphaF       0.00000e+00   1.00000e+00   0.00000e+00  -3.08188e+04
   2  meanF        0.00000e+00   1.00000e+00   0.00000e+00  -1.79330e+02
