===> settings etc/config/settings_pho.py <===
import etc.config.settings_pho as tnpConf
[?1034h
[1mRooFit v3.60 -- Developed by Wouter Verkerke and David Kirkby[0m 
                Copyright (C) 2000-2013 NIKHEF, University of California & Stanford University
                All rights reserved, please read http://roofit.sourceforge.net/license.txt

===>  Output directory: 
results/Moriond17/tnpPhoID_Winter17MC//passingMedium80X/
**** name: data_Run2016H                                                                                        
  path    :  ['eos/cms/store/group/phys_egamma/tnp/80X/PhoEleIDs/Moriond17_v1/data/TnPTree_SingleElectron_2016prompt_RunH.root', 'eos/cms/store/group/phys_egamma/tnp/80X/PhoEleIDs/Moriond17_v1/data/TnPTree_SingleElectron_2016rereco_RunG.root', 'eos/cms/store/group/phys_egamma/tnp/80X/PhoEleIDs/Moriond17_v1/data/TnPTree_SingleElectron_2016rereco_RunF.root', 'eos/cms/store/group/phys_egamma/tnp/80X/PhoEleIDs/Moriond17_v1/data/TnPTree_SingleElectron_2016rereco_RunE.root', 'eos/cms/store/group/phys_egamma/tnp/80X/PhoEleIDs/Moriond17_v1/data/TnPTree_SingleElectron_2016rereco_RunD.root', 'eos/cms/store/group/phys_egamma/tnp/80X/PhoEleIDs/Moriond17_v1/data/TnPTree_SingleElectron_2016rereco_RunC.root', 'eos/cms/store/group/phys_egamma/tnp/80X/PhoEleIDs/Moriond17_v1/data/TnPTree_SingleElectron_2016rereco_RunB.root']
  tnpTree :  GsfElectronToPhoID
   --- Data sample --- 
  lumi     :  36.212

RooWorkspace(w) w contents

variables
---------
(alphaF,alphaP,eff,meanF,meanP,nBkgF,nBkgP,nSigF,nSigP,sigmaF,sigmaP,x)

p.d.f.s
-------
RooExponential::bkgFail[ x=x c=alphaF ] = 1
RooExponential::bkgPass[ x=x c=alphaP ] = 1
RooAddPdf::pdfFail[ nSigF * sigFail + nBkgF * bkgFail ] = 10.7138
RooAddPdf::pdfPass[ nSigP * sigPass + nBkgP * bkgPass ] = 12.9792
RooFFTConvPdf::sigFail[ sigPhysFail(x) (*) sigResFail(x) ] = 0.0693676
RooFFTConvPdf::sigPass[ sigPhysPass(x) (*) sigResPass(x) ] = 0.0834803
RooHistPdf::sigPhysFail[ pdfObs=(x) ] = 208.167
RooHistPdf::sigPhysPass[ pdfObs=(x) ] = 366.135
RooGaussian::sigResFail[ x=x mean=meanF sigma=sigmaF ] = 0
RooGaussian::sigResPass[ x=x mean=meanP sigma=sigmaP ] = 0

datasets
--------
RooDataHist::hPass(x)
RooDataHist::hFail(x)
RooDataHist::hGenZPass(x)
RooDataHist::hGenZFail(x)

embedded precalculated expensive components
-------------------------------------------
uid = 0 key=sigFail_sigPhysFail_CONV_sigResFail_CACHEHIST_Obs[x]_BufFrac0.1_BufStrat0 value=RooDataHist::sigFail_sigPhysFail_CONV_sigResFail_CACHEHIST_Obs[x]_BufFrac0.1_BufStrat0 parameters=( meanF=-0 sigmaF=0.9 )
uid = 1 key=sigPass_sigPhysPass_CONV_sigResPass_CACHEHIST_Obs[x]_BufFrac0.1_BufStrat0 value=RooDataHist::sigPass_sigPhysPass_CONV_sigResPass_CACHEHIST_Obs[x]_BufFrac0.1_BufStrat0 parameters=( meanP=-0 sigmaP=0.9 )
 title :  -  -2.500 < #eta_{SC} < -2.000 -  15.000 < probe_Pho_et < 20.000
 **********
 **   13 **MIGRAD        2500           1
 **********
 FIRST CALL TO USER FUNCTION AT NEW START POINT, WITH IFLAG=4.
 START MIGRAD MINIMIZATION.  STRATEGY  1.  CONVERGENCE WHEN EDM .LT. 1.00e-03
 FCN=-82579.6 FROM MIGRAD    STATUS=INITIATE       22 CALLS          23 TOTAL
                     EDM= unknown      STRATEGY= 1      NO ERROR MATRIX       
  EXT PARAMETER               CURRENT GUESS       STEP         FIRST   
  NO.   NAME      VALUE            ERROR          SIZE      DERIVATIVE 
   1  alphaP       0.00000e+00   1.00000e+00   2.01358e-01   2.05996e+04
   2  meanP        0.00000e+00   1.00000e+00   2.01358e-01   2.07575e+02
   3  nBkgP        1.56600e+03   7.82750e+02   1.38125e-01  -6.81109e+01
   4  nSigP        1.40940e+04   2.34895e+03   2.05758e-01  -7.65202e+02
   5  sigmaP       9.00000e-01   2.00000e-01   1.61380e-01  -1.16393e+02
                               ERR DEF= 0.5
 MIGRAD MINIMIZATION HAS CONVERGED.
 MIGRAD WILL VERIFY CONVERGENCE AND ERROR MATRIX.
 COVARIANCE MATRIX CALCULATED SUCCESSFULLY
 FCN=-82696.8 FROM MIGRAD    STATUS=CONVERGED     124 CALLS         125 TOTAL
                     EDM=2.89996e-05    STRATEGY= 1      ERROR MATRIX ACCURATE 
  EXT PARAMETER                                   STEP         FIRST   
  NO.   NAME      VALUE            ERROR          SIZE      DERIVATIVE 
   1  alphaP      -2.76804e-02   2.86634e-03   1.07160e-04   8.21064e+00
   2  meanP       -5.70809e-02   4.20005e-02   1.63824e-03  -1.87466e-02
   3  nBkgP        1.77740e+03   1.28287e+02   3.35620e-03  -8.30129e-02
   4  nSigP        1.50292e+04   1.48783e+02   2.27834e-03  -1.05895e-01
   5  sigmaP       1.55245e+00   7.94540e-02   7.93588e-03   2.18816e-03
                               ERR DEF= 0.5
 EXTERNAL ERROR MATRIX.    NDIM=  25    NPAR=  5    ERR DEF=0.5
  8.216e-06 -1.608e-05 -1.004e-01  1.310e-02 -8.835e-06 
 -1.608e-05  1.764e-03  3.541e-01 -2.156e-01 -4.245e-04 
 -1.004e-01  3.541e-01  1.646e+04 -9.202e+03 -2.374e+00 
  1.310e-02 -2.156e-01 -9.202e+03  2.214e+04  1.688e+00 
 -8.835e-06 -4.245e-04 -2.374e+00  1.688e+00  6.317e-03 
 PARAMETER  CORRELATION COEFFICIENTS  
       NO.  GLOBAL      1      2      3      4      5
        1  0.33858   1.000 -0.134 -0.273  0.031 -0.039
        2  0.18868  -0.134  1.000  0.066 -0.035 -0.127
        3  0.57498  -0.273  0.066  1.000 -0.482 -0.233
        4  0.49393   0.031 -0.035 -0.482  1.000  0.143
        5  0.28595  -0.039 -0.127 -0.233  0.143  1.000
 **********
 **   18 **HESSE        2500
 **********
 COVARIANCE MATRIX CALCULATED SUCCESSFULLY
 FCN=-82696.8 FROM HESSE     STATUS=OK             31 CALLS         156 TOTAL
                     EDM=2.87226e-05    STRATEGY= 1      ERROR MATRIX ACCURATE 
  EXT PARAMETER                                INTERNAL      INTERNAL  
  NO.   NAME      VALUE            ERROR       STEP SIZE       VALUE   
   1  alphaP      -2.76804e-02   2.85733e-03   4.28641e-06  -5.53611e-03
   2  meanP       -5.70809e-02   4.19997e-02   6.55296e-05  -1.14164e-02
   3  nBkgP        1.77740e+03   1.27872e+02   1.34248e-04  -1.01354e+00
   4  nSigP        1.50292e+04   1.48803e+02   9.11338e-05   2.83391e-01
   5  sigmaP       1.55245e+00   7.94555e-02   3.17435e-04  -5.61248e-01
                               ERR DEF= 0.5
 EXTERNAL ERROR MATRIX.    NDIM=  25    NPAR=  5    ERR DEF=0.5
  8.164e-06 -1.588e-05 -9.549e-02  9.722e-03 -9.573e-06 
 -1.588e-05  1.764e-03  3.419e-01 -2.080e-01 -4.265e-04 
 -9.549e-02  3.419e-01  1.635e+04 -9.170e+03 -2.361e+00 
  9.722e-03 -2.080e-01 -9.170e+03  2.214e+04  1.687e+00 
 -9.573e-06 -4.265e-04 -2.361e+00  1.687e+00  6.317e-03 
 PARAMETER  CORRELATION COEFFICIENTS  
       NO.  GLOBAL      1      2      3      4      5
        1  0.33028   1.000 -0.132 -0.261  0.023 -0.042
        2  0.18858  -0.132  1.000  0.064 -0.033 -0.128
        3  0.57118  -0.261  0.064  1.000 -0.482 -0.232
        4  0.49413   0.023 -0.033 -0.482  1.000  0.143
        5  0.28601  -0.042 -0.128 -0.232  0.143  1.000
 **********
 **   23 **HESSE        2500
 **********
 COVARIANCE MATRIX CALCULATED SUCCESSFULLY
 FCN=-82696.8 FROM HESSE     STATUS=OK             31 CALLS         187 TOTAL
                     EDM=2.87148e-05    STRATEGY= 1      ERROR MATRIX ACCURATE 
  EXT PARAMETER                                INTERNAL      INTERNAL  
  NO.   NAME      VALUE            ERROR       STEP SIZE       VALUE   
   1  alphaP      -2.76804e-02   2.85709e-03   8.57281e-07  -5.53611e-03
   2  meanP       -5.70809e-02   4.20005e-02   1.31059e-05  -1.14164e-02
   3  nBkgP        1.77740e+03   1.27857e+02   2.68496e-05  -1.01354e+00
   4  nSigP        1.50292e+04   1.48802e+02   1.82268e-05   2.83391e-01
   5  sigmaP       1.55245e+00   7.94569e-02   6.34871e-05  -5.61248e-01
                               ERR DEF= 0.5
 EXTERNAL ERROR MATRIX.    NDIM=  25    NPAR=  5    ERR DEF=0.5
  8.163e-06 -1.588e-05 -9.533e-02  9.605e-03 -9.604e-06 
 -1.588e-05  1.764e-03  3.417e-01 -2.079e-01 -4.267e-04 
 -9.533e-02  3.417e-01  1.635e+04 -9.168e+03 -2.360e+00 
  9.605e-03 -2.079e-01 -9.168e+03  2.214e+04  1.687e+00 
 -9.604e-06 -4.267e-04 -2.360e+00  1.687e+00  6.317e-03 
 PARAMETER  CORRELATION COEFFICIENTS  
       NO.  GLOBAL      1      2      3      4      5
        1  0.33002   1.000 -0.132 -0.261  0.023 -0.042
        2  0.18861  -0.132  1.000  0.064 -0.033 -0.128
        3  0.57104  -0.261  0.064  1.000 -0.482 -0.232
        4  0.49412   0.023 -0.033 -0.482  1.000  0.143
        5  0.28604  -0.042 -0.128 -0.232  0.143  1.000
 **********
 **   13 **MIGRAD        2500           1
 **********
 FIRST CALL TO USER FUNCTION AT NEW START POINT, WITH IFLAG=4.
 START MIGRAD MINIMIZATION.  STRATEGY  1.  CONVERGENCE WHEN EDM .LT. 1.00e-03
 FCN=-229846 FROM MIGRAD    STATUS=INITIATE       41 CALLS          42 TOTAL
                     EDM= unknown      STRATEGY= 1      NO ERROR MATRIX       
  EXT PARAMETER               CURRENT GUESS       STEP         FIRST   
  NO.   NAME      VALUE            ERROR          SIZE      DERIVATIVE 
   1  alphaF       0.00000e+00   1.00000e+00   0.00000e+00  -8.90777e+04
   2  meanF        0.00000e+00   1.00000e+00   0.00000e+00   1.28760e+03
   3  nBkgF        4.16170e+03   2.08060e+03   0.00000e+00  -9.81914e+03
   4  nSigF        3.74553e+04   6.24250e+03   0.00000e+00  -9.59344e+01
   5  sigmaF       4.65693e+00   1.55245e-01   2.50665e+00  -2.62443e+01
                               ERR DEF= 0.5
 MIGRAD MINIMIZATION HAS CONVERGED.
 MIGRAD WILL VERIFY CONVERGENCE AND ERROR MATRIX.
 COVARIANCE MATRIX CALCULATED SUCCESSFULLY
 FCN=-236652 FROM MIGRAD    STATUS=CONVERGED     366 CALLS         367 TOTAL
                     EDM=4.25882e-05    STRATEGY= 1      ERROR MATRIX ACCURATE 
  EXT PARAMETER                                   STEP         FIRST   
  NO.   NAME      VALUE            ERROR          SIZE      DERIVATIVE 
   1  alphaF      -2.32857e-02   3.90152e-04   2.48629e-05   9.46017e+00
   2  meanF       -2.42933e-02   6.54367e-02   4.31961e-03   2.41835e-02
   3  nBkgF        3.92862e+04   3.37485e+02   3.02731e-03   5.01163e-01
   4  nSigF        1.45862e+04   2.10106e+02   2.20665e-03   8.40213e-01
   5  sigmaF       1.24196e+00   8.77023e-02   1.06887e-01  -9.60897e-03
                               ERR DEF= 0.5
 EXTERNAL ERROR MATRIX.    NDIM=  25    NPAR=  5    ERR DEF=0.5
  1.522e-07 -4.546e-06 -3.018e-02  5.495e-04 -6.614e-10 
 -4.546e-06  4.282e-03  1.538e+00 -7.079e-01 -1.088e-06 
 -3.018e-02  1.538e+00  1.139e+05 -3.888e+04 -1.149e-02 
  5.495e-04 -7.079e-01 -3.888e+04  4.415e+04  8.357e-03 
 -6.614e-10 -1.088e-06 -1.149e-02  8.357e-03  3.142e-07 
 PARAMETER  CORRELATION COEFFICIENTS  
       NO.  GLOBAL      1      2      3      4      5
        1  0.31648   1.000 -0.178 -0.229  0.007 -0.003
        2  0.18696  -0.178  1.000  0.070 -0.051 -0.030
        3  0.59336  -0.229  0.070  1.000 -0.548 -0.061
        4  0.56392   0.007 -0.051 -0.548  1.000  0.071
        5  0.08104  -0.003 -0.030 -0.061  0.071  1.000
 **********
 **   18 **HESSE        2500
 **********
 COVARIANCE MATRIX CALCULATED SUCCESSFULLY
 FCN=-236652 FROM HESSE     STATUS=OK             31 CALLS         398 TOTAL
                     EDM=4.35378e-05    STRATEGY= 1      ERROR MATRIX ACCURATE 
  EXT PARAMETER                                INTERNAL      INTERNAL  
  NO.   NAME      VALUE            ERROR       STEP SIZE       VALUE   
   1  alphaF      -2.32857e-02   3.90183e-04   9.94517e-07  -4.65715e-03
   2  meanF       -2.42933e-02   6.54054e-02   1.72784e-04  -4.85868e-03
   3  nBkgF        3.92862e+04   3.37175e+02   1.21092e-04   2.61627e-01
   4  nSigF        1.45862e+04   2.09797e+02   4.41331e-04  -5.61783e-01
   5  sigmaF       1.24196e+00   8.98243e-02   4.27548e-03   4.71137e+00
                               ERR DEF= 0.5
 EXTERNAL ERROR MATRIX.    NDIM=  25    NPAR=  5    ERR DEF=0.5
  1.522e-07 -4.554e-06 -3.014e-02  4.781e-04 -1.395e-11 
 -4.554e-06  4.278e-03  1.473e+00 -6.574e-01 -2.448e-08 
 -3.014e-02  1.473e+00  1.137e+05 -3.874e+04 -2.521e-04 
  4.781e-04 -6.574e-01 -3.874e+04  4.402e+04  1.830e-04 
 -1.395e-11 -2.448e-08 -2.521e-04  1.830e-04  3.219e-07 
 PARAMETER  CORRELATION COEFFICIENTS  
       NO.  GLOBAL      1      2      3      4      5
        1  0.31672   1.000 -0.178 -0.229  0.006 -0.000
        2  0.18449  -0.178  1.000  0.067 -0.048 -0.001
        3  0.59235  -0.229  0.067  1.000 -0.548 -0.001
        4  0.56213   0.006 -0.048 -0.548  1.000  0.002
        5  0.00176  -0.000 -0.001 -0.001  0.002  1.000
 **********
 **   23 **HESSE        2500
 **********
 COVARIANCE MATRIX CALCULATED SUCCESSFULLY
 FCN=-236652 FROM HESSE     STATUS=OK             31 CALLS         429 TOTAL
                     EDM=4.35611e-05    STRATEGY= 1      ERROR MATRIX ACCURATE 
  EXT PARAMETER                                INTERNAL      INTERNAL  
  NO.   NAME      VALUE            ERROR       STEP SIZE       VALUE   
   1  alphaF      -2.32857e-02   3.90185e-04   1.98903e-07  -4.65715e-03
   2  meanF       -2.42933e-02   6.54054e-02   3.45569e-05  -4.85868e-03
   3  nBkgF        3.92862e+04   3.37202e+02   2.42185e-05   2.61627e-01
   4  nSigF        1.45862e+04   2.09816e+02   8.82661e-05  -5.61783e-01
   5  sigmaF       1.24196e+00   8.98271e-02   8.55096e-04   4.71137e+00
                               ERR DEF= 0.5
 EXTERNAL ERROR MATRIX.    NDIM=  25    NPAR=  5    ERR DEF=0.5
  1.522e-07 -4.554e-06 -3.014e-02  4.727e-04  6.377e-12 
 -4.554e-06  4.278e-03  1.473e+00 -6.566e-01  1.327e-08 
 -3.014e-02  1.473e+00  1.137e+05 -3.875e+04  1.358e-04 
  4.727e-04 -6.566e-01 -3.875e+04  4.402e+04 -9.737e-05 
  6.377e-12  1.327e-08  1.358e-04 -9.737e-05  3.219e-07 
 PARAMETER  CORRELATION COEFFICIENTS  
       NO.  GLOBAL      1      2      3      4      5
        1  0.31672   1.000 -0.178 -0.229  0.006  0.000
        2  0.18449  -0.178  1.000  0.067 -0.048  0.000
        3  0.59244  -0.229  0.067  1.000 -0.548  0.001
        4  0.56224   0.006 -0.048 -0.548  1.000 -0.001
        5  0.00094   0.000  0.000  0.001 -0.001  1.000

RooWorkspace(w) w contents

variables
---------
(alphaF,alphaP,eff,meanF,meanP,nBkgF,nBkgP,nSigF,nSigP,sigmaF,sigmaP,x)

p.d.f.s
-------
RooExponential::bkgFail[ x=x c=alphaF ] = 1
RooExponential::bkgPass[ x=x c=alphaP ] = 1
RooAddPdf::pdfFail[ nSigF * sigFail + nBkgF * bkgFail ] = 8.61071
RooAddPdf::pdfPass[ nSigP * sigPass + nBkgP * bkgPass ] = 9.86185
RooFFTConvPdf::sigFail[ sigPhysFail(x) (*) sigResFail(x) ] = 0.0553347
RooFFTConvPdf::sigPass[ sigPhysPass(x) (*) sigResPass(x) ] = 0.0632706
RooHistPdf::sigPhysFail[ pdfObs=(x) ] = 170.27
RooHistPdf::sigPhysPass[ pdfObs=(x) ] = 306.74
RooGaussian::sigResFail[ x=x mean=meanF sigma=sigmaF ] = 0
RooGaussian::sigResPass[ x=x mean=meanP sigma=sigmaP ] = 0

datasets
--------
RooDataHist::hPass(x)
RooDataHist::hFail(x)
RooDataHist::hGenZPass(x)
RooDataHist::hGenZFail(x)

embedded precalculated expensive components
-------------------------------------------
uid = 0 key=sigFail_sigPhysFail_CONV_sigResFail_CACHEHIST_Obs[x]_BufFrac0.1_BufStrat0 value=RooDataHist::sigFail_sigPhysFail_CONV_sigResFail_CACHEHIST_Obs[x]_BufFrac0.1_BufStrat0 parameters=( meanF=-0 sigmaF=0.9 )
uid = 1 key=sigPass_sigPhysPass_CONV_sigResPass_CACHEHIST_Obs[x]_BufFrac0.1_BufStrat0 value=RooDataHist::sigPass_sigPhysPass_CONV_sigResPass_CACHEHIST_Obs[x]_BufFrac0.1_BufStrat0 parameters=( meanP=-0 sigmaP=0.9 )
 title :  -  -2.000 < #eta_{SC} < -1.566 -  15.000 < probe_Pho_et < 20.000
 **********
 **   13 **MIGRAD        2500           1
 **********
 FIRST CALL TO USER FUNCTION AT NEW START POINT, WITH IFLAG=4.
 START MIGRAD MINIMIZATION.  STRATEGY  1.  CONVERGENCE WHEN EDM .LT. 1.00e-03
 FCN=-90157.3 FROM MIGRAD    STATUS=INITIATE       22 CALLS          23 TOTAL
                     EDM= unknown      STRATEGY= 1      NO ERROR MATRIX       
  EXT PARAMETER               CURRENT GUESS       STEP         FIRST   
  NO.   NAME      VALUE            ERROR          SIZE      DERIVATIVE 
   1  alphaP       0.00000e+00   1.00000e+00   2.01358e-01   3.07478e+04
   2  meanP        0.00000e+00   1.00000e+00   2.01358e-01   4.08663e+02
   3  nBkgP        1.69970e+03   8.49600e+02   1.38126e-01   1.27631e+02
   4  nSigP        1.52973e+04   2.54950e+03   2.05758e-01  -9.50783e+02
   5  sigmaP       9.00000e-01   2.00000e-01   1.61380e-01  -5.90117e+01
                               ERR DEF= 0.5
 MIGRAD MINIMIZATION HAS CONVERGED.
 MIGRAD WILL VERIFY CONVERGENCE AND ERROR MATRIX.
 COVARIANCE MATRIX CALCULATED SUCCESSFULLY
 FCN=-90330.5 FROM MIGRAD    STATUS=CONVERGED     149 CALLS         150 TOTAL
                     EDM=1.51557e-05    STRATEGY= 1      ERROR MATRIX ACCURATE 
  EXT PARAMETER                                   STEP         FIRST   
  NO.   NAME      VALUE            ERROR          SIZE      DERIVATIVE 
   1  alphaP      -3.87471e-02   2.98917e-03   1.16146e-04  -3.98440e-01
   2  meanP       -1.30056e-01   4.71423e-02   1.89777e-03   3.42415e-01
   3  nBkgP        2.06491e+03   1.40375e+02   3.44747e-03  -9.00945e-02
   4  nSigP        1.64175e+04   1.55002e+02   2.30522e-03   2.37505e-02
   5  sigmaP       1.49626e+00   9.91999e-02   1.03385e-02  -2.78112e-02
                               ERR DEF= 0.5
 EXTERNAL ERROR MATRIX.    NDIM=  25    NPAR=  5    ERR DEF=0.5
  8.935e-06 -1.713e-05 -1.031e-01 -1.923e-02 -2.760e-05 
 -1.713e-05  2.222e-03  8.854e-01 -4.838e-01 -9.060e-04 
 -1.031e-01  8.854e-01  1.971e+04 -9.959e+03 -3.473e+00 
 -1.923e-02 -4.838e-01 -9.959e+03  2.403e+04  2.358e+00 
 -2.760e-05 -9.060e-04 -3.473e+00  2.358e+00  9.850e-03 
 PARAMETER  CORRELATION COEFFICIENTS  
       NO.  GLOBAL      1      2      3      4      5
        1  0.35656   1.000 -0.122 -0.246 -0.042 -0.093
        2  0.24525  -0.122  1.000  0.134 -0.066 -0.194
        3  0.56812  -0.246  0.134  1.000 -0.458 -0.249
        4  0.48498  -0.042 -0.066 -0.458  1.000  0.153
        5  0.34497  -0.093 -0.194 -0.249  0.153  1.000
 **********
 **   18 **HESSE        2500
 **********
 COVARIANCE MATRIX CALCULATED SUCCESSFULLY
 FCN=-90330.5 FROM HESSE     STATUS=OK             31 CALLS         181 TOTAL
                     EDM=1.51814e-05    STRATEGY= 1      ERROR MATRIX ACCURATE 
  EXT PARAMETER                                INTERNAL      INTERNAL  
  NO.   NAME      VALUE            ERROR       STEP SIZE       VALUE   
   1  alphaP      -3.87471e-02   2.98091e-03   4.64584e-06  -7.74949e-03
   2  meanP       -1.30056e-01   4.71293e-02   3.79553e-04  -2.60142e-02
   3  nBkgP        2.06491e+03   1.39938e+02   1.37899e-04  -9.93707e-01
   4  nSigP        1.64175e+04   1.55104e+02   9.22089e-05   2.91992e-01
   5  sigmaP       1.49626e+00   9.92182e-02   4.13539e-04  -5.91030e-01
                               ERR DEF= 0.5
 EXTERNAL ERROR MATRIX.    NDIM=  25    NPAR=  5    ERR DEF=0.5
  8.886e-06 -1.671e-05 -9.734e-02 -2.272e-02 -2.880e-05 
 -1.671e-05  2.221e-03  8.684e-01 -4.769e-01 -9.060e-04 
 -9.734e-02  8.684e-01  1.959e+04 -9.946e+03 -3.461e+00 
 -2.272e-02 -4.769e-01 -9.946e+03  2.406e+04  2.366e+00 
 -2.880e-05 -9.060e-04 -3.461e+00  2.366e+00  9.854e-03 
 PARAMETER  CORRELATION COEFFICIENTS  
       NO.  GLOBAL      1      2      3      4      5
        1  0.34971   1.000 -0.119 -0.233 -0.049 -0.097
        2  0.24420  -0.119  1.000  0.132 -0.065 -0.194
        3  0.56439  -0.233  0.132  1.000 -0.458 -0.249
        4  0.48601  -0.049 -0.065 -0.458  1.000  0.154
        5  0.34542  -0.097 -0.194 -0.249  0.154  1.000
 **********
 **   23 **HESSE        2500
 **********
 COVARIANCE MATRIX CALCULATED SUCCESSFULLY
 FCN=-90330.5 FROM HESSE     STATUS=OK             31 CALLS         212 TOTAL
                     EDM=1.51842e-05    STRATEGY= 1      ERROR MATRIX ACCURATE 
  EXT PARAMETER                                INTERNAL      INTERNAL  
  NO.   NAME      VALUE            ERROR       STEP SIZE       VALUE   
   1  alphaP      -3.87471e-02   2.98061e-03   9.29168e-07  -7.74949e-03
   2  meanP       -1.30056e-01   4.71303e-02   7.59106e-05  -2.60142e-02
   3  nBkgP        2.06491e+03   1.39922e+02   2.75798e-05  -9.93707e-01
   4  nSigP        1.64175e+04   1.55105e+02   1.84418e-05   2.91992e-01
   5  sigmaP       1.49626e+00   9.92208e-02   8.27078e-05  -5.91030e-01
                               ERR DEF= 0.5
 EXTERNAL ERROR MATRIX.    NDIM=  25    NPAR=  5    ERR DEF=0.5
  8.884e-06 -1.670e-05 -9.715e-02 -2.284e-02 -2.883e-05 
 -1.670e-05  2.221e-03  8.678e-01 -4.766e-01 -9.067e-04 
 -9.715e-02  8.678e-01  1.958e+04 -9.945e+03 -3.460e+00 
 -2.284e-02 -4.766e-01 -9.945e+03  2.406e+04  2.367e+00 
 -2.883e-05 -9.067e-04 -3.460e+00  2.367e+00  9.854e-03 
 PARAMETER  CORRELATION COEFFICIENTS  
       NO.  GLOBAL      1      2      3      4      5
        1  0.34948   1.000 -0.119 -0.233 -0.049 -0.097
        2  0.24428  -0.119  1.000  0.132 -0.065 -0.194
        3  0.56426  -0.233  0.132  1.000 -0.458 -0.249
        4  0.48604  -0.049 -0.065 -0.458  1.000  0.154
        5  0.34549  -0.097 -0.194 -0.249  0.154  1.000
 **********
 **   13 **MIGRAD        2500           1
 **********
 FIRST CALL TO USER FUNCTION AT NEW START POINT, WITH IFLAG=4.
 START MIGRAD MINIMIZATION.  STRATEGY  1.  CONVERGENCE WHEN EDM .LT. 1.00e-03
 FCN=-246073 FROM MIGRAD    STATUS=INITIATE       41 CALLS          42 TOTAL
                     EDM= unknown      STRATEGY= 1      NO ERROR MATRIX       
  EXT PARAMETER               CURRENT GUESS       STEP         FIRST   
  NO.   NAME      VALUE            ERROR          SIZE      DERIVATIVE 
   1  alphaF       0.00000e+00   1.00000e+00   0.00000e+00  -1.23567e+05
   2  meanF        0.00000e+00   1.00000e+00   0.00000e+00   1.50705e+03
   3  nBkgF        4.39870e+03   2.19910e+03   0.00000e+00  -1.01975e+04
   4  nSigF        3.95883e+04   6.59800e+03   0.00000e+00  -3.91262e+02
   5  sigmaF       4.48775e+00   1.49626e-01   2.49358e+00  -3.81050e+01
                               ERR DEF= 0.5
 MINUIT WARNING IN MIGRAD  
 ============== Negative diagonal element 5 in Error Matrix
 MINUIT WARNING IN MIGRAD  
 ============== 1.0125 added to diagonal of error matrix
 MIGRAD FAILS TO FIND IMPROVEMENT
 MINUIT WARNING IN HESSE   
 ============== Negative diagonal element 5 in Error Matrix
 MINUIT WARNING IN HESSE   
 ============== 121.816 added to diagonal of error matrix
 EIGENVALUES OF SECOND-DERIVATIVE MATRIX:
        -8.9273e-01  6.3143e-01  8.1576e-01  1.8223e+00  2.6232e+00
 MINUIT WARNING IN HESSE   
 ============== MATRIX FORCED POS-DEF BY ADDING 0.895354 TO DIAGONAL.
 FCN=-252557 FROM HESSE     STATUS=NOT POSDEF     31 CALLS         258 TOTAL
                     EDM=527988    STRATEGY= 1      ERR MATRIX NOT POS-DEF
  EXT PARAMETER                APPROXIMATE        STEP         FIRST   
  NO.   NAME      VALUE            ERROR          SIZE      DERIVATIVE 
   1  alphaF      -2.69626e-02   1.39017e-03   2.62874e-05  -1.67694e+04
   2  meanF       -5.02758e-01   5.61758e-01   7.08220e-03  -1.99210e+01
   3  nBkgF        4.00345e+04   2.17448e+03   3.09385e-03  -1.05536e+02
   4  nSigF        1.70417e+04   2.04550e+03   2.32145e-03  -7.46799e+01
   5  sigmaF       4.28512e+00   1.75878e+00   2.60587e-02   7.95922e+01
                               ERR DEF= 0.5
 MIGRAD FAILS TO FIND IMPROVEMENT
 MIGRAD MINIMIZATION HAS CONVERGED.
 MIGRAD WILL VERIFY CONVERGENCE AND ERROR MATRIX.
 COVARIANCE MATRIX CALCULATED SUCCESSFULLY
 FCN=-252703 FROM MIGRAD    STATUS=CONVERGED     457 CALLS         458 TOTAL
                     EDM=7.84012e-05    STRATEGY= 1      ERROR MATRIX ACCURATE 
  EXT PARAMETER                                   STEP         FIRST   
  NO.   NAME      VALUE            ERROR          SIZE      DERIVATIVE 
   1  alphaF      -2.63839e-02   3.88124e-04   2.49369e-05  -3.95708e+01
   2  meanF       -2.11773e-01   8.60411e-02   5.75094e-03   2.80021e-01
   3  nBkgF        4.27061e+04   4.01272e+02   3.16457e-03   4.08253e-01
   4  nSigF        1.51709e+04   2.53972e+02   2.30920e-03   3.57291e-01
   5  sigmaF       1.47864e+00   1.76733e-01   6.13852e-02  -1.43359e-02
                               ERR DEF= 0.5
 EXTERNAL ERROR MATRIX.    NDIM=  25    NPAR=  5    ERR DEF=0.5
  1.506e-07 -7.731e-06 -3.825e-02  2.544e-03 -2.200e-06 
 -7.731e-06  7.404e-03  4.630e+00 -2.491e+00 -1.893e-03 
 -3.825e-02  4.630e+00  1.610e+05 -6.653e+04 -2.269e+01 
  2.544e-03 -2.491e+00 -6.653e+04  6.450e+04  1.672e+01 
 -2.200e-06 -1.893e-03 -2.269e+01  1.672e+01  3.163e-02 
 PARAMETER  CORRELATION COEFFICIENTS  
       NO.  GLOBAL      1      2      3      4      5
        1  0.37891   1.000 -0.231 -0.246  0.026 -0.032
        2  0.27364  -0.231  1.000  0.134 -0.114 -0.124
        3  0.69786  -0.246  0.134  1.000 -0.653 -0.318
        4  0.68643   0.026 -0.114 -0.653  1.000  0.370
        5  0.40181  -0.032 -0.124 -0.318  0.370  1.000
 **********
 **   18 **HESSE        2500
 **********
 COVARIANCE MATRIX CALCULATED SUCCESSFULLY
 FCN=-252703 FROM HESSE     STATUS=OK             31 CALLS         489 TOTAL
                     EDM=7.819e-05    STRATEGY= 1      ERROR MATRIX ACCURATE 
  EXT PARAMETER                                INTERNAL      INTERNAL  
  NO.   NAME      VALUE            ERROR       STEP SIZE       VALUE   
   1  alphaF      -2.63839e-02   3.88114e-04   4.98739e-06  -5.27681e-03
   2  meanF       -2.11773e-01   8.59811e-02   1.15019e-03  -4.23673e-02
   3  nBkgF        4.27061e+04   3.99785e+02   1.26583e-04   2.98932e-01
   4  nSigF        1.51709e+04   2.52548e+02   4.61840e-04  -5.70616e-01
   5  sigmaF       1.47864e+00   1.75458e-01   2.45541e-03  -7.26030e+00
                               ERR DEF= 0.5
 EXTERNAL ERROR MATRIX.    NDIM=  25    NPAR=  5    ERR DEF=0.5
  1.506e-07 -7.745e-06 -3.835e-02  2.586e-03 -2.050e-06 
 -7.745e-06  7.393e-03  4.472e+00 -2.368e+00 -1.804e-03 
 -3.835e-02  4.472e+00  1.598e+05 -6.562e+04 -2.141e+01 
  2.586e-03 -2.368e+00 -6.562e+04  6.378e+04  1.574e+01 
 -2.050e-06 -1.804e-03 -2.141e+01  1.574e+01  3.117e-02 
 PARAMETER  CORRELATION COEFFICIENTS  
       NO.  GLOBAL      1      2      3      4      5
        1  0.37885   1.000 -0.232 -0.247  0.026 -0.030
        2  0.27129  -0.232  1.000  0.130 -0.109 -0.119
        3  0.69512  -0.247  0.130  1.000 -0.650 -0.303
        4  0.68206   0.026 -0.109 -0.650  1.000  0.353
        5  0.38422  -0.030 -0.119 -0.303  0.353  1.000
 **********
 **   23 **HESSE        2500
 **********
 COVARIANCE MATRIX CALCULATED SUCCESSFULLY
 FCN=-252703 FROM HESSE     STATUS=OK             31 CALLS         520 TOTAL
                     EDM=7.81843e-05    STRATEGY= 1      ERROR MATRIX ACCURATE 
  EXT PARAMETER                                INTERNAL      INTERNAL  
  NO.   NAME      VALUE            ERROR       STEP SIZE       VALUE   
   1  alphaF      -2.63839e-02   3.88114e-04   9.97478e-07  -5.27681e-03
   2  meanF       -2.11773e-01   8.59795e-02   2.30037e-04  -4.23673e-02
   3  nBkgF        4.27061e+04   3.99746e+02   2.53165e-05   2.98932e-01
   4  nSigF        1.51709e+04   2.52515e+02   9.23680e-05  -5.70616e-01
   5  sigmaF       1.47864e+00   1.75417e-01   4.91082e-04  -7.26030e+00
                               ERR DEF= 0.5
 EXTERNAL ERROR MATRIX.    NDIM=  25    NPAR=  5    ERR DEF=0.5
  1.506e-07 -7.745e-06 -3.833e-02  2.561e-03 -2.049e-06 
 -7.745e-06  7.393e-03  4.461e+00 -2.359e+00 -1.803e-03 
 -3.833e-02  4.461e+00  1.598e+05 -6.560e+04 -2.137e+01 
  2.561e-03 -2.359e+00 -6.560e+04  6.377e+04  1.571e+01 
 -2.049e-06 -1.803e-03 -2.137e+01  1.571e+01  3.115e-02 
 PARAMETER  CORRELATION COEFFICIENTS  
       NO.  GLOBAL      1      2      3      4      5
        1  0.37886   1.000 -0.232 -0.247  0.026 -0.030
        2  0.27123  -0.232  1.000  0.130 -0.109 -0.119
        3  0.69505  -0.247  0.130  1.000 -0.650 -0.303
        4  0.68196   0.026 -0.109 -0.650  1.000  0.352
        5  0.38369  -0.030 -0.119 -0.303  0.352  1.000

RooWorkspace(w) w contents

variables
---------
(alphaF,alphaP,eff,meanF,meanP,nBkgF,nBkgP,nSigF,nSigP,sigmaF,sigmaP,x)

p.d.f.s
-------
RooExponential::bkgFail[ x=x c=alphaF ] = 1
RooExponential::bkgPass[ x=x c=alphaP ] = 1
RooAddPdf::pdfFail[ nSigF * sigFail + nBkgF * bkgFail ] = 2.24043
RooAddPdf::pdfPass[ nSigP * sigPass + nBkgP * bkgPass ] = 6.48996
RooFFTConvPdf::sigFail[ sigPhysFail(x) (*) sigResFail(x) ] = 0.0141615
RooFFTConvPdf::sigPass[ sigPhysPass(x) (*) sigResPass(x) ] = 0.0421096
RooHistPdf::sigPhysFail[ pdfObs=(x) ] = 22.5647
RooHistPdf::sigPhysPass[ pdfObs=(x) ] = 43.034
RooGaussian::sigResFail[ x=x mean=meanF sigma=sigmaF ] = 0
RooGaussian::sigResPass[ x=x mean=meanP sigma=sigmaP ] = 0

datasets
--------
RooDataHist::hPass(x)
RooDataHist::hFail(x)
RooDataHist::hGenZPass(x)
RooDataHist::hGenZFail(x)

embedded precalculated expensive components
-------------------------------------------
uid = 0 key=sigFail_sigPhysFail_CONV_sigResFail_CACHEHIST_Obs[x]_BufFrac0.1_BufStrat0 value=RooDataHist::sigFail_sigPhysFail_CONV_sigResFail_CACHEHIST_Obs[x]_BufFrac0.1_BufStrat0 parameters=( meanF=-0 sigmaF=0.9 )
uid = 1 key=sigPass_sigPhysPass_CONV_sigResPass_CACHEHIST_Obs[x]_BufFrac0.1_BufStrat0 value=RooDataHist::sigPass_sigPhysPass_CONV_sigResPass_CACHEHIST_Obs[x]_BufFrac0.1_BufStrat0 parameters=( meanP=-0 sigmaP=0.9 )
 title :  -  -1.566 < #eta_{SC} < -1.444 -  15.000 < probe_Pho_et < 20.000
 **********
 **   13 **MIGRAD        2500           1
 **********
 FIRST CALL TO USER FUNCTION AT NEW START POINT, WITH IFLAG=4.
 START MIGRAD MINIMIZATION.  STRATEGY  1.  CONVERGENCE WHEN EDM .LT. 1.00e-03
 FCN=-16118.5 FROM MIGRAD    STATUS=INITIATE       22 CALLS          23 TOTAL
                     EDM= unknown      STRATEGY= 1      NO ERROR MATRIX       
  EXT PARAMETER               CURRENT GUESS       STEP         FIRST   
  NO.   NAME      VALUE            ERROR          SIZE      DERIVATIVE 
   1  alphaP       0.00000e+00   1.00000e+00   2.01358e-01   9.82429e+03
   2  meanP        0.00000e+00   1.00000e+00   2.01358e-01   3.39545e+02
   3  nBkgP        4.27300e+02   2.13400e+02   1.38066e-01   1.05310e+02
   4  nSigP        3.84570e+03   6.40900e+02   2.05756e-01  -3.09738e+02
   5  sigmaP       9.00000e-01   2.00000e-01   1.61380e-01  -4.67466e+01
                               ERR DEF= 0.5
 MIGRAD MINIMIZATION HAS CONVERGED.
 MIGRAD WILL VERIFY CONVERGENCE AND ERROR MATRIX.
 COVARIANCE MATRIX CALCULATED SUCCESSFULLY
 FCN=-16238.8 FROM MIGRAD    STATUS=CONVERGED     150 CALLS         151 TOTAL
                     EDM=1.50196e-05    STRATEGY= 1      ERROR MATRIX ACCURATE 
  EXT PARAMETER                                   STEP         FIRST   
  NO.   NAME      VALUE            ERROR          SIZE      DERIVATIVE 
   1  alphaP      -3.26034e-02   8.78224e-03   9.39100e-05  -5.24131e-01
   2  meanP       -1.28932e+00   1.40500e-01   2.38664e-03  -6.28653e-02
   3  nBkgP        3.72040e+02   1.08873e+02   3.31380e-03  -5.02174e-02
   4  nSigP        4.32168e+03   9.43190e+01   2.04519e-03  -4.95761e-02
   5  sigmaP       1.98908e+00   2.00235e-01   7.65138e-03   3.86181e-02
                               ERR DEF= 0.5
 EXTERNAL ERROR MATRIX.    NDIM=  25    NPAR=  5    ERR DEF=0.5
  7.713e-05 -4.004e-04 -7.495e-01  4.113e-01 -4.519e-04 
 -4.004e-04  1.975e-02  4.174e+00 -2.735e+00  6.523e-03 
 -7.495e-01  4.174e+00  1.187e+04 -6.875e+03  7.987e+00 
  4.113e-01 -2.735e+00 -6.875e+03  8.899e+03 -4.808e+00 
 -4.519e-04  6.523e-03  7.987e+00 -4.808e+00  4.021e-02 
 PARAMETER  CORRELATION COEFFICIENTS  
       NO.  GLOBAL      1      2      3      4      5
        1  0.79416   1.000 -0.324 -0.783  0.496 -0.257
        2  0.36145  -0.324  1.000  0.273 -0.206  0.231
        3  0.85605  -0.783  0.273  1.000 -0.669  0.365
        4  0.67113   0.496 -0.206 -0.669  1.000 -0.254
        5  0.39739  -0.257  0.231  0.365 -0.254  1.000
 **********
 **   18 **HESSE        2500
 **********
 COVARIANCE MATRIX CALCULATED SUCCESSFULLY
 FCN=-16238.8 FROM HESSE     STATUS=OK             31 CALLS         182 TOTAL
                     EDM=1.49506e-05    STRATEGY= 1      ERROR MATRIX ACCURATE 
  EXT PARAMETER                                INTERNAL      INTERNAL  
  NO.   NAME      VALUE            ERROR       STEP SIZE       VALUE   
   1  alphaP      -3.26034e-02   8.55134e-03   3.75640e-06  -6.52073e-03
   2  meanP       -1.28932e+00   1.40068e-01   4.77329e-04  -2.60811e-01
   3  nBkgP        3.72040e+02   1.06006e+02   6.62761e-04  -1.08447e+00
   4  nSigP        4.32168e+03   9.32121e+01   8.18075e-05   3.55942e-01
   5  sigmaP       1.98908e+00   1.99553e-01   1.53028e-03   1.60530e+01
                               ERR DEF= 0.5
 EXTERNAL ERROR MATRIX.    NDIM=  25    NPAR=  5    ERR DEF=0.5
  7.313e-05 -3.778e-04 -6.981e-01  3.809e-01 -4.162e-04 
 -3.778e-04  1.962e-02  3.887e+00 -2.566e+00  6.350e-03 
 -6.981e-01  3.887e+00  1.126e+04 -6.516e+03  7.565e+00 
  3.809e-01 -2.566e+00 -6.516e+03  8.691e+03 -4.565e+00 
 -4.162e-04  6.350e-03  7.565e+00 -4.565e+00  3.994e-02 
 PARAMETER  CORRELATION COEFFICIENTS  
       NO.  GLOBAL      1      2      3      4      5
        1  0.78133   1.000 -0.315 -0.769  0.478 -0.244
        2  0.35395  -0.315  1.000  0.262 -0.196  0.227
        3  0.84743  -0.769  0.262  1.000 -0.659  0.357
        4  0.66128   0.478 -0.196 -0.659  1.000 -0.245
        5  0.39005  -0.244  0.227  0.357 -0.245  1.000
 **********
 **   23 **HESSE        2500
 **********
 COVARIANCE MATRIX CALCULATED SUCCESSFULLY
 FCN=-16238.8 FROM HESSE     STATUS=OK             31 CALLS         213 TOTAL
                     EDM=1.49448e-05    STRATEGY= 1      ERROR MATRIX ACCURATE 
  EXT PARAMETER                                INTERNAL      INTERNAL  
  NO.   NAME      VALUE            ERROR       STEP SIZE       VALUE   
   1  alphaP      -3.26034e-02   8.53215e-03   7.51280e-07  -6.52073e-03
   2  meanP       -1.28932e+00   1.40034e-01   9.54658e-05  -2.60811e-01
   3  nBkgP        3.72040e+02   1.05757e+02   1.32552e-04  -1.08447e+00
   4  nSigP        4.32168e+03   9.31097e+01   1.63615e-05   3.55942e-01
   5  sigmaP       1.98908e+00   1.99496e-01   3.06055e-04   1.60530e+01
                               ERR DEF= 0.5
 EXTERNAL ERROR MATRIX.    NDIM=  25    NPAR=  5    ERR DEF=0.5
  7.280e-05 -3.759e-04 -6.938e-01  3.784e-01 -4.133e-04 
 -3.759e-04  1.962e-02  3.862e+00 -2.551e+00  6.338e-03 
 -6.938e-01  3.862e+00  1.120e+04 -6.485e+03  7.528e+00 
  3.784e-01 -2.551e+00 -6.485e+03  8.672e+03 -4.543e+00 
 -4.133e-04  6.338e-03  7.528e+00 -4.543e+00  3.992e-02 
 PARAMETER  CORRELATION COEFFICIENTS  
       NO.  GLOBAL      1      2      3      4      5
        1  0.78021   1.000 -0.315 -0.768  0.476 -0.242
        2  0.35335  -0.315  1.000  0.261 -0.196  0.227
        3  0.84665  -0.768  0.261  1.000 -0.658  0.356
        4  0.66034   0.476 -0.196 -0.658  1.000 -0.244
        5  0.38942  -0.242  0.227  0.356 -0.244  1.000
 **********
 **   13 **MIGRAD        2500           1
 **********
 FIRST CALL TO USER FUNCTION AT NEW START POINT, WITH IFLAG=4.
 START MIGRAD MINIMIZATION.  STRATEGY  1.  CONVERGENCE WHEN EDM .LT. 1.00e-03
 FCN=-42482.3 FROM MIGRAD    STATUS=INITIATE       37 CALLS          38 TOTAL
                     EDM= unknown      STRATEGY= 1      NO ERROR MATRIX       
  EXT PARAMETER               CURRENT GUESS       STEP         FIRST   
  NO.   NAME      VALUE            ERROR          SIZE      DERIVATIVE 
   1  alphaF       0.00000e+00   1.00000e+00   0.00000e+00  -2.56138e+04
   2  meanF        0.00000e+00   1.00000e+00   0.00000e+00  -1.11360e+02
   3  nBkgF        9.80600e+02   4.90050e+02   0.00000e+00  -1.37795e+03
   4  nSigF        8.82540e+03   1.47085e+03   0.00000e+00  -1.04559e+03
   5  sigmaF       5.96725e+00   1.98908e-01   2.52836e+00** at limit **
                               ERR DEF= 0.5
 MIGRAD MINIMIZATION HAS CONVERGED.
 FCN=-42794.5 FROM MIGRAD    STATUS=CONVERGED     191 CALLS         192 TOTAL
                     EDM=4.29365e-05    STRATEGY= 1  ERROR MATRIX UNCERTAINTY   5.0 per cent
  EXT PARAMETER                                   STEP         FIRST   
  NO.   NAME      VALUE            ERROR          SIZE      DERIVATIVE 
   1  alphaF      -2.18815e-02   4.41547e-03   1.67825e-05   2.20427e+01
   2  meanF       -2.49267e+00   4.10121e-01  -2.91768e-03   8.83346e-02
   3  nBkgF        5.06586e+03   6.85672e+02  -1.13178e-03   3.26919e-01
   4  nSigF        7.81695e+03   5.62859e+02   9.89712e-04   2.27628e-01
   5  sigmaF       5.96722e+00   3.68842e-02   1.01579e-03  -2.74865e-02
                               ERR DEF= 0.5
 EXTERNAL ERROR MATRIX.    NDIM=  25    NPAR=  5    ERR DEF=0.5
  1.950e-05 -8.088e-04 -2.903e+00  2.363e+00  4.525e-07 
 -8.088e-04  1.687e-01  9.182e+01 -9.733e+01 -1.448e-04 
 -2.903e+00  9.182e+01  4.717e+05 -3.747e+05 -1.102e-02 
  2.363e+00 -9.733e+01 -3.747e+05  3.174e+05  2.138e-02 
  4.525e-07 -1.448e-04 -1.102e-02  2.138e-02  4.545e-06 
 PARAMETER  CORRELATION COEFFICIENTS  
       NO.  GLOBAL      1      2      3      4      5
        1  0.96845   1.000 -0.446 -0.957  0.950  0.048
        2  0.64472  -0.446  1.000  0.326 -0.421 -0.165
        3  0.98205  -0.957  0.326  1.000 -0.968 -0.008
        4  0.97511   0.950 -0.421 -0.968  1.000  0.018
        5  0.19035   0.048 -0.165 -0.008  0.018  1.000
 **********
 **   18 **HESSE        2500
 **********
 MINUIT WARNING IN HESSE   
 ============== Negative diagonal element 5 in Error Matrix
 MINUIT WARNING IN HESSE   
 ============== 6.20318 added to diagonal of error matrix
 COVARIANCE MATRIX CALCULATED SUCCESSFULLY
 FCN=-42794.5 FROM HESSE     STATUS=OK             33 CALLS         225 TOTAL
                     EDM=0.000798297    STRATEGY= 1      ERROR MATRIX ACCURATE 
  EXT PARAMETER                                INTERNAL      INTERNAL  
  NO.   NAME      VALUE            ERROR       STEP SIZE       VALUE   
   1  alphaF      -2.18815e-02   4.20260e-03   3.20199e-05  -4.37632e-03
   2  meanF       -2.49267e+00   4.03735e-01   1.02500e-02  -5.21907e-01
   3  nBkgF        5.06586e+03   6.54953e+02   2.55711e-03  -3.16491e-01
   4  nSigF        7.81695e+03   5.34691e+02   2.33411e-03   6.28897e-02
   5  sigmaF       5.96722e+00   2.69568e+00   6.23831e-02   1.57610e+00
                               ERR DEF= 0.5
 EXTERNAL ERROR MATRIX.    NDIM=  25    NPAR=  5    ERR DEF=0.5
  1.766e-05 -7.675e-04 -2.626e+00  2.120e+00 -1.625e-06 
 -7.675e-04  1.635e-01  8.859e+01 -9.450e+01  4.894e-04 
 -2.626e+00  8.859e+01  4.302e+05 -3.394e+05  3.622e-01 
  2.120e+00 -9.450e+01 -3.394e+05  2.864e+05 -3.941e-01 
 -1.625e-06  4.894e-04  3.622e-01 -3.941e-01  1.373e-04 
 PARAMETER  CORRELATION COEFFICIENTS  
       NO.  GLOBAL      1      2      3      4      5
        1  0.96373   1.000 -0.452 -0.953  0.943 -0.033
        2  0.65194  -0.452  1.000  0.334 -0.437  0.103
        3  0.98170  -0.953  0.334  1.000 -0.967  0.047
        4  0.97460   0.943 -0.437 -0.967  1.000 -0.063
        5  0.14376  -0.033  0.103  0.047 -0.063  1.000
 **********
 **   23 **HESSE        2500
 **********
 MINUIT WARNING IN HESSE   
 ============== Negative diagonal element 5 in Error Matrix
 MINUIT WARNING IN HESSE   
 ============== 6.21893 added to diagonal of error matrix
 COVARIANCE MATRIX CALCULATED SUCCESSFULLY
 FCN=-42794.5 FROM HESSE     STATUS=OK             31 CALLS         256 TOTAL
                     EDM=0.000805659    STRATEGY= 1      ERROR MATRIX ACCURATE 
  EXT PARAMETER                                INTERNAL      INTERNAL  
  NO.   NAME      VALUE            ERROR       STEP SIZE       VALUE   
   1  alphaF      -2.18815e-02   4.17856e-03   6.40398e-06  -4.37632e-03
   2  meanF       -2.49267e+00   3.99185e-01   4.10002e-04  -5.21907e-01
   3  nBkgF        5.06586e+03   6.53545e+02   5.11421e-04  -3.16491e-01
   4  nSigF        7.81695e+03   5.32507e+02   4.66821e-04   6.28897e-02
   5  sigmaF       5.96722e+00   2.68696e+00   1.24766e-02   1.57610e+00
                               ERR DEF= 0.5
 EXTERNAL ERROR MATRIX.    NDIM=  25    NPAR=  5    ERR DEF=0.5
  1.746e-05 -7.338e-04 -2.605e+00  2.099e+00 -4.892e-07 
 -7.338e-04  1.598e-01  8.339e+01 -8.978e+01  1.500e-04 
 -2.605e+00  8.339e+01  4.284e+05 -3.373e+05  1.108e-01 
  2.099e+00 -8.978e+01 -3.373e+05  2.841e+05 -1.207e-01 
